t 		 H 		 V 		 T 		 P 
0.002	2.12532E+02	-1.03744E+02	9.39744E+02	0.00000E+00
0.004	2.12532E+02	-1.03657E+02	9.39486E+02	0.00000E+00
0.006	2.12532E+02	-1.03504E+02	9.39031E+02	0.00000E+00
0.008	2.12531E+02	-1.03283E+02	9.38375E+02	0.00000E+00
0.010	2.12531E+02	-1.02994E+02	9.37514E+02	0.00000E+00
0.012	2.12531E+02	-1.02634E+02	9.36444E+02	0.00000E+00
0.014	2.12531E+02	-1.02201E+02	9.35157E+02	0.00000E+00
0.016	2.12531E+02	-1.01693E+02	9.33647E+02	0.00000E+00
0.018	2.12530E+02	-1.01107E+02	9.31905E+02	0.00000E+00
0.020	2.12530E+02	-1.00439E+02	9.29921E+02	0.00000E+00
0.022	2.12530E+02	-9.96872E+01	9.27685E+02	0.00000E+00
0.024	2.12529E+02	-9.88465E+01	9.25186E+02	0.00000E+00
0.026	2.12529E+02	-9.79133E+01	9.22412E+02	0.00000E+00
0.028	2.12529E+02	-9.68833E+01	9.19350E+02	0.00000E+00
0.030	2.12528E+02	-9.57522E+01	9.15988E+02	0.00000E+00
0.032	2.12528E+02	-9.45154E+01	9.12312E+02	0.00000E+00
0.034	2.12527E+02	-9.31683E+01	9.08308E+02	0.00000E+00
0.036	2.12527E+02	-9.17064E+01	9.03963E+02	0.00000E+00
0.038	2.12526E+02	-9.01253E+01	8.99264E+02	0.00000E+00
0.040	2.12526E+02	-8.84205E+01	8.94197E+02	0.00000E+00
0.042	2.12526E+02	-8.65882E+01	8.88752E+02	0.00000E+00
0.044	2.12525E+02	-8.46249E+01	8.82917E+02	0.00000E+00
0.046	2.12525E+02	-8.25274E+01	8.76684E+02	0.00000E+00
0.048	2.12525E+02	-8.02937E+01	8.70046E+02	0.00000E+00
0.050	2.12524E+02	-7.79222E+01	8.62999E+02	0.00000E+00
0.052	2.12524E+02	-7.54129E+01	8.55543E+02	0.00000E+00
0.054	2.12524E+02	-7.27667E+01	8.47680E+02	0.00000E+00
0.056	2.12524E+02	-6.99862E+01	8.39418E+02	0.00000E+00
0.058	2.12525E+02	-6.70755E+01	8.30771E+02	0.00000E+00
0.060	2.12525E+02	-6.40408E+01	8.21755E+02	0.00000E+00
0.062	2.12525E+02	-6.08905E+01	8.12396E+02	0.00000E+00
0.064	2.12526E+02	-5.76350E+01	8.02725E+02	0.00000E+00
0.066	2.12527E+02	-5.42874E+01	7.92780E+02	0.00000E+00
0.068	2.12528E+02	-5.08631E+01	7.82609E+02	0.00000E+00
0.070	2.12529E+02	-4.73803E+01	7.72264E+02	0.00000E+00
0.072	2.12530E+02	-4.38597E+01	7.61807E+02	0.00000E+00
0.074	2.12532E+02	-4.03243E+01	7.51307E+02	0.00000E+00
0.076	2.12533E+02	-3.67995E+01	7.40838E+02	0.00000E+00
0.078	2.12535E+02	-3.33124E+01	7.30482E+02	0.00000E+00
0.080	2.12537E+02	-2.98917E+01	7.20324E+02	0.00000E+00
0.082	2.12539E+02	-2.65672E+01	7.10451E+02	0.00000E+00
0.084	2.12541E+02	-2.33688E+01	7.00954E+02	0.00000E+00
0.086	2.12542E+02	-2.03263E+01	6.91919E+02	0.00000E+00
0.088	2.12544E+02	-1.74685E+01	6.83432E+02	0.00000E+00
0.090	2.12546E+02	-1.48222E+01	6.75574E+02	0.00000E+00
0.092	2.12547E+02	-1.24120E+01	6.68417E+02	0.00000E+00
0.094	2.12548E+02	-1.02595E+01	6.62024E+02	0.00000E+00
0.096	2.12549E+02	-8.38252E+00	6.56450E+02	0.00000E+00
0.098	2.12550E+02	-6.79505E+00	6.51735E+02	0.00000E+00
0.100	2.12550E+02	-5.50670E+00	6.47908E+02	0.00000E+00
0.102	2.12550E+02	-4.52269E+00	6.44984E+02	0.00000E+00
0.104	2.12550E+02	-3.84385E+00	6.42967E+02	0.00000E+00
0.106	2.12549E+02	-3.46673E+00	6.41845E+02	0.00000E+00
0.108	2.12549E+02	-3.38389E+00	6.41597E+02	0.00000E+00
0.110	2.12548E+02	-3.58425E+00	6.42189E+02	0.00000E+00
0.112	2.12547E+02	-4.05352E+00	6.43580E+02	0.00000E+00
0.114	2.12545E+02	-4.77465E+00	6.45720E+02	0.00000E+00
0.116	2.12544E+02	-5.72839E+00	6.48550E+02	0.00000E+00
0.118	2.12543E+02	-6.89373E+00	6.52008E+02	0.00000E+00
0.120	2.12541E+02	-8.24846E+00	6.56029E+02	0.00000E+00
0.122	2.12540E+02	-9.76961E+00	6.60545E+02	0.00000E+00
0.124	2.12539E+02	-1.14339E+01	6.65486E+02	0.00000E+00
0.126	2.12537E+02	-1.32181E+01	6.70783E+02	0.00000E+00
0.128	2.12536E+02	-1.50994E+01	6.76369E+02	0.00000E+00
0.130	2.12535E+02	-1.70559E+01	6.82179E+02	0.00000E+00
0.132	2.12534E+02	-1.90665E+01	6.88149E+02	0.00000E+00
0.134	2.12533E+02	-2.11113E+01	6.94222E+02	0.00000E+00
0.136	2.12532E+02	-2.31718E+01	7.00341E+02	0.00000E+00
0.138	2.12531E+02	-2.52309E+01	7.06457E+02	0.00000E+00
0.140	2.12530E+02	-2.72731E+01	7.12523E+02	0.00000E+00
0.142	2.12529E+02	-2.92843E+01	7.18497E+02	0.00000E+00
0.144	2.12529E+02	-3.12521E+01	7.24342E+02	0.00000E+00
0.146	2.12528E+02	-3.31656E+01	7.30026E+02	0.00000E+00
0.148	2.12528E+02	-3.50152E+01	7.35521E+02	0.00000E+00
0.150	2.12528E+02	-3.67930E+01	7.40802E+02	0.00000E+00
0.152	2.12528E+02	-3.84921E+01	7.45850E+02	0.00000E+00
0.154	2.12527E+02	-4.01071E+01	7.50649E+02	0.00000E+00
0.156	2.12527E+02	-4.16336E+01	7.55184E+02	0.00000E+00
0.158	2.12527E+02	-4.30684E+01	7.59447E+02	0.00000E+00
0.160	2.12527E+02	-4.44092E+01	7.63431E+02	0.00000E+00
0.162	2.12528E+02	-4.56544E+01	7.67131E+02	0.00000E+00
0.164	2.12528E+02	-4.68036E+01	7.70546E+02	0.00000E+00
0.166	2.12528E+02	-4.78567E+01	7.73676E+02	0.00000E+00
0.168	2.12528E+02	-4.88146E+01	7.76523E+02	0.00000E+00
0.170	2.12528E+02	-4.96785E+01	7.79090E+02	0.00000E+00
0.172	2.12528E+02	-5.04503E+01	7.81384E+02	0.00000E+00
0.174	2.12529E+02	-5.11323E+01	7.83412E+02	0.00000E+00
0.176	2.12529E+02	-5.17274E+01	7.85181E+02	0.00000E+00
0.178	2.12529E+02	-5.22387E+01	7.86701E+02	0.00000E+00
0.180	2.12530E+02	-5.26696E+01	7.87982E+02	0.00000E+00
0.182	2.12530E+02	-5.30242E+01	7.89037E+02	0.00000E+00
0.184	2.12530E+02	-5.33066E+01	7.89877E+02	0.00000E+00
0.186	2.12531E+02	-5.35214E+01	7.90516E+02	0.00000E+00
0.188	2.12531E+02	-5.36733E+01	7.90969E+02	0.00000E+00
0.190	2.12532E+02	-5.37673E+01	7.91249E+02	0.00000E+00
0.192	2.12532E+02	-5.38088E+01	7.91374E+02	0.00000E+00
0.194	2.12532E+02	-5.38033E+01	7.91359E+02	0.00000E+00
0.196	2.12533E+02	-5.37565E+01	7.91221E+02	0.00000E+00
0.198	2.12533E+02	-5.36741E+01	7.90977E+02	0.00000E+00
0.200	2.12534E+02	-5.35622E+01	7.90646E+02	0.00000E+00
0.202	2.12534E+02	-5.34266E+01	7.90244E+02	0.00000E+00
0.204	2.12535E+02	-5.32733E+01	7.89790E+02	0.00000E+00
0.206	2.12535E+02	-5.31082E+01	7.89301E+02	0.00000E+00
0.208	2.12535E+02	-5.29368E+01	7.88793E+02	0.00000E+00
0.210	2.12536E+02	-5.27646E+01	7.88282E+02	0.00000E+00
0.212	2.12536E+02	-5.25966E+01	7.87784E+02	0.00000E+00
0.214	2.12536E+02	-5.24375E+01	7.87312E+02	0.00000E+00
0.216	2.12537E+02	-5.22913E+01	7.86878E+02	0.00000E+00
0.218	2.12537E+02	-5.21616E+01	7.86494E+02	0.00000E+00
0.220	2.12537E+02	-5.20513E+01	7.86166E+02	0.00000E+00
0.222	2.12537E+02	-5.19626E+01	7.85903E+02	0.00000E+00
0.224	2.12537E+02	-5.18969E+01	7.85708E+02	0.00000E+00
0.226	2.12537E+02	-5.18551E+01	7.85584E+02	0.00000E+00
0.228	2.12537E+02	-5.18374E+01	7.85532E+02	0.00000E+00
0.230	2.12537E+02	-5.18432E+01	7.85549E+02	0.00000E+00
0.232	2.12537E+02	-5.18715E+01	7.85632E+02	0.00000E+00
0.234	2.12537E+02	-5.19206E+01	7.85778E+02	0.00000E+00
0.236	2.12537E+02	-5.19886E+01	7.85980E+02	0.00000E+00
0.238	2.12537E+02	-5.20732E+01	7.86230E+02	0.00000E+00
0.240	2.12537E+02	-5.21716E+01	7.86523E+02	0.00000E+00
0.242	2.12536E+02	-5.22813E+01	7.86848E+02	0.00000E+00
0.244	2.12536E+02	-5.23995E+01	7.87199E+02	0.00000E+00
0.246	2.12536E+02	-5.25234E+01	7.87566E+02	0.00000E+00
0.248	2.12536E+02	-5.26503E+01	7.87943E+02	0.00000E+00
0.250	2.12536E+02	-5.27778E+01	7.88322E+02	0.00000E+00
0.252	2.12536E+02	-5.29035E+01	7.88695E+02	0.00000E+00
0.254	2.12536E+02	-5.30254E+01	7.89057E+02	0.00000E+00
0.256	2.12536E+02	-5.31415E+01	7.89402E+02	0.00000E+00
0.258	2.12535E+02	-5.32504E+01	7.89725E+02	0.00000E+00
0.260	2.12535E+02	-5.33505E+01	7.90022E+02	0.00000E+00
0.262	2.12535E+02	-5.34408E+01	7.90291E+02	0.00000E+00
0.264	2.12535E+02	-5.35205E+01	7.90527E+02	0.00000E+00
0.266	2.12535E+02	-5.35888E+01	7.90730E+02	0.00000E+00
0.268	2.12535E+02	-5.36452E+01	7.90898E+02	0.00000E+00
0.270	2.12535E+02	-5.36895E+01	7.91030E+02	0.00000E+00
0.272	2.12535E+02	-5.37215E+01	7.91125E+02	0.00000E+00
0.274	2.12536E+02	-5.37411E+01	7.91183E+02	0.00000E+00
0.276	2.12536E+02	-5.37485E+01	7.91205E+02	0.00000E+00
0.278	2.12536E+02	-5.37438E+01	7.91191E+02	0.00000E+00
0.280	2.12536E+02	-5.37272E+01	7.91142E+02	0.00000E+00
0.282	2.12536E+02	-5.36991E+01	7.91059E+02	0.00000E+00
0.284	2.12536E+02	-5.36597E+01	7.90942E+02	0.00000E+00
0.286	2.12536E+02	-5.36096E+01	7.90793E+02	0.00000E+00
0.288	2.12536E+02	-5.35491E+01	7.90614E+02	0.00000E+00
0.290	2.12536E+02	-5.34787E+01	7.90405E+02	0.00000E+00
0.292	2.12536E+02	-5.33988E+01	7.90167E+02	0.00000E+00
0.294	2.12536E+02	-5.33099E+01	7.89904E+02	0.00000E+00
0.296	2.12536E+02	-5.32125E+01	7.89614E+02	0.00000E+00
0.298	2.12536E+02	-5.31071E+01	7.89301E+02	0.00000E+00
0.300	2.12536E+02	-5.29941E+01	7.88966E+02	0.00000E+00
0.302	2.12536E+02	-5.28741E+01	7.88609E+02	0.00000E+00
0.304	2.12536E+02	-5.27475E+01	7.88233E+02	0.00000E+00
0.306	2.12536E+02	-5.26149E+01	7.87839E+02	0.00000E+00
0.308	2.12536E+02	-5.24766E+01	7.87429E+02	0.00000E+00
0.310	2.12536E+02	-5.23333E+01	7.87003E+02	0.00000E+00
0.312	2.12536E+02	-5.21853E+01	7.86563E+02	0.00000E+00
0.314	2.12537E+02	-5.20331E+01	7.86111E+02	0.00000E+00
0.316	2.12537E+02	-5.18773E+01	7.85648E+02	0.00000E+00
0.318	2.12537E+02	-5.17181E+01	7.85176E+02	0.00000E+00
0.320	2.12537E+02	-5.15562E+01	7.84694E+02	0.00000E+00
0.322	2.12537E+02	-5.13918E+01	7.84206E+02	0.00000E+00
0.324	2.12537E+02	-5.12255E+01	7.83712E+02	0.00000E+00
0.326	2.12537E+02	-5.10576E+01	7.83213E+02	0.00000E+00
0.328	2.12537E+02	-5.08884E+01	7.82711E+02	0.00000E+00
0.330	2.12537E+02	-5.07184E+01	7.82206E+02	0.00000E+00
0.332	2.12537E+02	-5.05478E+01	7.81699E+02	0.00000E+00
0.334	2.12537E+02	-5.03770E+01	7.81191E+02	0.00000E+00
0.336	2.12537E+02	-5.02062E+01	7.80684E+02	0.00000E+00
0.338	2.12537E+02	-5.00357E+01	7.80178E+02	0.00000E+00
0.340	2.12537E+02	-4.98658E+01	7.79673E+02	0.00000E+00
0.342	2.12537E+02	-4.96966E+01	7.79170E+02	0.00000E+00
0.344	2.12537E+02	-4.95283E+01	7.78670E+02	0.00000E+00
0.346	2.12537E+02	-4.93611E+01	7.78173E+02	0.00000E+00
0.348	2.12537E+02	-4.91951E+01	7.77680E+02	0.00000E+00
0.350	2.12537E+02	-4.90304E+01	7.77191E+02	0.00000E+00
0.352	2.12537E+02	-4.88671E+01	7.76706E+02	0.00000E+00
0.354	2.12537E+02	-4.87052E+01	7.76224E+02	0.00000E+00
0.356	2.12537E+02	-4.85447E+01	7.75748E+02	0.00000E+00
0.358	2.12537E+02	-4.83856E+01	7.75275E+02	0.00000E+00
0.360	2.12537E+02	-4.82280E+01	7.74807E+02	0.00000E+00
0.362	2.12537E+02	-4.80718E+01	7.74342E+02	0.00000E+00
0.364	2.12537E+02	-4.79168E+01	7.73882E+02	0.00000E+00
0.366	2.12537E+02	-4.77632E+01	7.73426E+02	0.00000E+00
0.368	2.12537E+02	-4.76107E+01	7.72972E+02	0.00000E+00
0.370	2.12537E+02	-4.74592E+01	7.72522E+02	0.00000E+00
0.372	2.12537E+02	-4.73088E+01	7.72075E+02	0.00000E+00
0.374	2.12537E+02	-4.71591E+01	7.71631E+02	0.00000E+00
0.376	2.12537E+02	-4.70102E+01	7.71188E+02	0.00000E+00
0.378	2.12537E+02	-4.68619E+01	7.70747E+02	0.00000E+00
0.380	2.12537E+02	-4.67140E+01	7.70308E+02	0.00000E+00
0.382	2.12537E+02	-4.65664E+01	7.69870E+02	0.00000E+00
0.384	2.12537E+02	-4.64191E+01	7.69432E+02	0.00000E+00
0.386	2.12537E+02	-4.62718E+01	7.68994E+02	0.00000E+00
0.388	2.12537E+02	-4.61245E+01	7.68556E+02	0.00000E+00
0.390	2.12537E+02	-4.59769E+01	7.68118E+02	0.00000E+00
0.392	2.12537E+02	-4.58291E+01	7.67679E+02	0.00000E+00
0.394	2.12537E+02	-4.56808E+01	7.67238E+02	0.00000E+00
0.396	2.12537E+02	-4.55320E+01	7.66796E+02	0.00000E+00
0.398	2.12537E+02	-4.53825E+01	7.66352E+02	0.00000E+00
0.400	2.12537E+02	-4.52324E+01	7.65906E+02	0.00000E+00
0.402	2.12537E+02	-4.50814E+01	7.65457E+02	0.00000E+00
0.404	2.12537E+02	-4.49295E+01	7.65006E+02	0.00000E+00
0.406	2.12537E+02	-4.47767E+01	7.64552E+02	0.00000E+00
0.408	2.12537E+02	-4.46229E+01	7.64095E+02	0.00000E+00
0.410	2.12537E+02	-4.44680E+01	7.63634E+02	0.00000E+00
0.412	2.12537E+02	-4.43119E+01	7.63171E+02	0.00000E+00
0.414	2.12537E+02	-4.41548E+01	7.62704E+02	0.00000E+00
0.416	2.12537E+02	-4.39964E+01	7.62233E+02	0.00000E+00
0.418	2.12537E+02	-4.38368E+01	7.61759E+02	0.00000E+00
0.420	2.12537E+02	-4.36760E+01	7.61281E+02	0.00000E+00
0.422	2.12537E+02	-4.35139E+01	7.60800E+02	0.00000E+00
0.424	2.12537E+02	-4.33507E+01	7.60315E+02	0.00000E+00
0.426	2.12537E+02	-4.31861E+01	7.59826E+02	0.00000E+00
0.428	2.12537E+02	-4.30204E+01	7.59333E+02	0.00000E+00
0.430	2.12537E+02	-4.28534E+01	7.58837E+02	0.00000E+00
0.432	2.12537E+02	-4.26852E+01	7.58337E+02	0.00000E+00
0.434	2.12537E+02	-4.25159E+01	7.57834E+02	0.00000E+00
0.436	2.12537E+02	-4.23454E+01	7.57328E+02	0.00000E+00
0.438	2.12537E+02	-4.21737E+01	7.56818E+02	0.00000E+00
0.440	2.12537E+02	-4.20010E+01	7.56304E+02	0.00000E+00
0.442	2.12537E+02	-4.18272E+01	7.55788E+02	0.00000E+00
0.444	2.12537E+02	-4.16523E+01	7.55269E+02	0.00000E+00
0.446	2.12537E+02	-4.14765E+01	7.54746E+02	0.00000E+00
0.448	2.12537E+02	-4.12998E+01	7.54221E+02	0.00000E+00
0.450	2.12537E+02	-4.11221E+01	7.53693E+02	0.00000E+00
0.452	2.12537E+02	-4.09436E+01	7.53163E+02	0.00000E+00
0.454	2.12537E+02	-4.07642E+01	7.52630E+02	0.00000E+00
0.456	2.12537E+02	-4.05841E+01	7.52094E+02	0.00000E+00
0.458	2.12537E+02	-4.04032E+01	7.51557E+02	0.00000E+00
0.460	2.12537E+02	-4.02216E+01	7.51018E+02	0.00000E+00
0.462	2.12537E+02	-4.00395E+01	7.50476E+02	0.00000E+00
0.464	2.12537E+02	-3.98567E+01	7.49933E+02	0.00000E+00
0.466	2.12537E+02	-3.96733E+01	7.49388E+02	0.00000E+00
0.468	2.12537E+02	-3.94895E+01	7.48842E+02	0.00000E+00
0.470	2.12537E+02	-3.93052E+01	7.48295E+02	0.00000E+00
0.472	2.12537E+02	-3.91204E+01	7.47746E+02	0.00000E+00
0.474	2.12537E+02	-3.89353E+01	7.47196E+02	0.00000E+00
0.476	2.12537E+02	-3.87499E+01	7.46645E+02	0.00000E+00
0.478	2.12537E+02	-3.85642E+01	7.46093E+02	0.00000E+00
0.480	2.12537E+02	-3.83783E+01	7.45541E+02	0.00000E+00
0.482	2.12537E+02	-3.81921E+01	7.44987E+02	0.00000E+00
0.484	2.12537E+02	-3.80058E+01	7.44434E+02	0.00000E+00
0.486	2.12537E+02	-3.78194E+01	7.43880E+02	0.00000E+00
0.488	2.12537E+02	-3.76329E+01	7.43326E+02	0.00000E+00
0.490	2.12537E+02	-3.74463E+01	7.42772E+02	0.00000E+00
0.492	2.12537E+02	-3.72597E+01	7.42217E+02	0.00000E+00
0.494	2.12537E+02	-3.70732E+01	7.41663E+02	0.00000E+00
0.496	2.12537E+02	-3.68868E+01	7.41109E+02	0.00000E+00
0.498	2.12537E+02	-3.67004E+01	7.40555E+02	0.00000E+00
0.500	2.12537E+02	-3.65142E+01	7.40002E+02	0.00000E+00
0.502	2.12537E+02	-3.63282E+01	7.39449E+02	0.00000E+00
0.504	2.12537E+02	-3.61424E+01	7.38897E+02	0.00000E+00
0.506	2.12537E+02	-3.59568E+01	7.38346E+02	0.00000E+00
0.508	2.12537E+02	-3.57716E+01	7.37795E+02	0.00000E+00
0.510	2.12537E+02	-3.55866E+01	7.37246E+02	0.00000E+00
0.512	2.12537E+02	-3.54019E+01	7.36697E+02	0.00000E+00
0.514	2.12537E+02	-3.52176E+01	7.36150E+02	0.00000E+00
0.516	2.12537E+02	-3.50337E+01	7.35603E+02	0.00000E+00
0.518	2.12537E+02	-3.48503E+01	7.35058E+02	0.00000E+00
0.520	2.12537E+02	-3.46672E+01	7.34514E+02	0.00000E+00
0.522	2.12537E+02	-3.44847E+01	7.33972E+02	0.00000E+00
0.524	2.12537E+02	-3.43026E+01	7.33431E+02	0.00000E+00
0.526	2.12537E+02	-3.41211E+01	7.32892E+02	0.00000E+00
0.528	2.12537E+02	-3.39401E+01	7.32354E+02	0.00000E+00
0.530	2.12537E+02	-3.37597E+01	7.31818E+02	0.00000E+00
0.532	2.12537E+02	-3.35799E+01	7.31284E+02	0.00000E+00
0.534	2.12537E+02	-3.34007E+01	7.30751E+02	0.00000E+00
0.536	2.12537E+02	-3.32222E+01	7.30221E+02	0.00000E+00
0.538	2.12537E+02	-3.30443E+01	7.29692E+02	0.00000E+00
0.540	2.12537E+02	-3.28671E+01	7.29166E+02	0.00000E+00
0.542	2.12537E+02	-3.26906E+01	7.28641E+02	0.00000E+00
0.544	2.12537E+02	-3.25148E+01	7.28119E+02	0.00000E+00
0.546	2.12537E+02	-3.23397E+01	7.27599E+02	0.00000E+00
0.548	2.12537E+02	-3.21654E+01	7.27081E+02	0.00000E+00
0.550	2.12537E+02	-3.19918E+01	7.26565E+02	0.00000E+00
0.552	2.12537E+02	-3.18191E+01	7.26052E+02	0.00000E+00
0.554	2.12537E+02	-3.16471E+01	7.25541E+02	0.00000E+00
0.556	2.12537E+02	-3.14759E+01	7.25032E+02	0.00000E+00
0.558	2.12537E+02	-3.13056E+01	7.24526E+02	0.00000E+00
0.560	2.12537E+02	-3.11361E+01	7.24022E+02	0.00000E+00
0.562	2.12537E+02	-3.09675E+01	7.23521E+02	0.00000E+00
0.564	2.12537E+02	-3.07997E+01	7.23023E+02	0.00000E+00
0.566	2.12537E+02	-3.06328E+01	7.22527E+02	0.00000E+00
0.568	2.12537E+02	-3.04668E+01	7.22034E+02	0.00000E+00
0.570	2.12537E+02	-3.03017E+01	7.21543E+02	0.00000E+00
0.572	2.12537E+02	-3.01375E+01	7.21055E+02	0.00000E+00
0.574	2.12537E+02	-2.99742E+01	7.20570E+02	0.00000E+00
0.576	2.12537E+02	-2.98118E+01	7.20088E+02	0.00000E+00
0.578	2.12537E+02	-2.96504E+01	7.19608E+02	0.00000E+00
0.580	2.12537E+02	-2.94899E+01	7.19131E+02	0.00000E+00
0.582	2.12537E+02	-2.93303E+01	7.18657E+02	0.00000E+00
0.584	2.12537E+02	-2.91717E+01	7.18186E+02	0.00000E+00
0.586	2.12537E+02	-2.90141E+01	7.17717E+02	0.00000E+00
0.588	2.12537E+02	-2.88574E+01	7.17252E+02	0.00000E+00
0.590	2.12537E+02	-2.87017E+01	7.16789E+02	0.00000E+00
0.592	2.12537E+02	-2.85469E+01	7.16329E+02	0.00000E+00
0.594	2.12537E+02	-2.83931E+01	7.15872E+02	0.00000E+00
0.596	2.12537E+02	-2.82403E+01	7.15418E+02	0.00000E+00
0.598	2.12537E+02	-2.80885E+01	7.14967E+02	0.00000E+00
0.600	2.12537E+02	-2.79377E+01	7.14519E+02	0.00000E+00
0.602	2.12537E+02	-2.77878E+01	7.14074E+02	0.00000E+00
0.604	2.12537E+02	-2.76390E+01	7.13631E+02	0.00000E+00
0.606	2.12537E+02	-2.74911E+01	7.13192E+02	0.00000E+00
0.608	2.12537E+02	-2.73442E+01	7.12756E+02	0.00000E+00
0.610	2.12537E+02	-2.71983E+01	7.12322E+02	0.00000E+00
0.612	2.12537E+02	-2.70534E+01	7.11892E+02	0.00000E+00
0.614	2.12537E+02	-2.69095E+01	7.11464E+02	0.00000E+00
0.616	2.12537E+02	-2.67666E+01	7.11039E+02	0.00000E+00
0.618	2.12537E+02	-2.66247E+01	7.10618E+02	0.00000E+00
0.620	2.12537E+02	-2.64838E+01	7.10199E+02	0.00000E+00
0.622	2.12537E+02	-2.63438E+01	7.09783E+02	0.00000E+00
0.624	2.12537E+02	-2.62048E+01	7.09370E+02	0.00000E+00
0.626	2.12537E+02	-2.60669E+01	7.08960E+02	0.00000E+00
0.628	2.12537E+02	-2.59298E+01	7.08553E+02	0.00000E+00
0.630	2.12537E+02	-2.57938E+01	7.08149E+02	0.00000E+00
0.632	2.12537E+02	-2.56588E+01	7.07748E+02	0.00000E+00
0.634	2.12537E+02	-2.55247E+01	7.07349E+02	0.00000E+00
0.636	2.12537E+02	-2.53916E+01	7.06954E+02	0.00000E+00
0.638	2.12537E+02	-2.52594E+01	7.06561E+02	0.00000E+00
0.640	2.12537E+02	-2.51283E+01	7.06171E+02	0.00000E+00
0.642	2.12537E+02	-2.49980E+01	7.05784E+02	0.00000E+00
0.644	2.12537E+02	-2.48688E+01	7.05400E+02	0.00000E+00
0.646	2.12537E+02	-2.47405E+01	7.05019E+02	0.00000E+00
0.648	2.12537E+02	-2.46131E+01	7.04641E+02	0.00000E+00
0.650	2.12537E+02	-2.44866E+01	7.04265E+02	0.00000E+00
0.652	2.12537E+02	-2.43612E+01	7.03892E+02	0.00000E+00
0.654	2.12537E+02	-2.42366E+01	7.03522E+02	0.00000E+00
0.656	2.12537E+02	-2.41130E+01	7.03155E+02	0.00000E+00
0.658	2.12537E+02	-2.39902E+01	7.02790E+02	0.00000E+00
0.660	2.12537E+02	-2.38684E+01	7.02428E+02	0.00000E+00
0.662	2.12537E+02	-2.37476E+01	7.02069E+02	0.00000E+00
0.664	2.12537E+02	-2.36276E+01	7.01712E+02	0.00000E+00
0.666	2.12537E+02	-2.35085E+01	7.01359E+02	0.00000E+00
0.668	2.12537E+02	-2.33903E+01	7.01007E+02	0.00000E+00
0.670	2.12537E+02	-2.32730E+01	7.00659E+02	0.00000E+00
0.672	2.12537E+02	-2.31566E+01	7.00313E+02	0.00000E+00
0.674	2.12537E+02	-2.30411E+01	6.99970E+02	0.00000E+00
0.676	2.12537E+02	-2.29264E+01	6.99629E+02	0.00000E+00
0.678	2.12537E+02	-2.28126E+01	6.99291E+02	0.00000E+00
0.680	2.12537E+02	-2.26997E+01	6.98955E+02	0.00000E+00
0.682	2.12537E+02	-2.25876E+01	6.98622E+02	0.00000E+00
0.684	2.12537E+02	-2.24764E+01	6.98292E+02	0.00000E+00
0.686	2.12537E+02	-2.23660E+01	6.97964E+02	0.00000E+00
0.688	2.12537E+02	-2.22564E+01	6.97638E+02	0.00000E+00
0.690	2.12537E+02	-2.21477E+01	6.97315E+02	0.00000E+00
0.692	2.12537E+02	-2.20398E+01	6.96995E+02	0.00000E+00
0.694	2.12537E+02	-2.19327E+01	6.96677E+02	0.00000E+00
0.696	2.12537E+02	-2.18265E+01	6.96361E+02	0.00000E+00
0.698	2.12537E+02	-2.17210E+01	6.96048E+02	0.00000E+00
0.700	2.12537E+02	-2.16164E+01	6.95737E+02	0.00000E+00
0.702	2.12531E+02	-2.15093E+01	6.95399E+02	4.39969E-01
0.704	2.12531E+02	-2.13568E+01	6.94946E+02	1.79315E+00
0.706	2.12531E+02	-2.11453E+01	6.94317E+02	3.14437E+00
0.708	2.12531E+02	-2.08753E+01	6.93515E+02	4.49229E+00
0.710	2.12531E+02	-2.05475E+01	6.92541E+02	5.83556E+00
0.712	2.12531E+02	-2.01628E+01	6.91399E+02	7.17283E+00
0.714	2.12531E+02	-1.97224E+01	6.90090E+02	8.50277E+00
0.716	2.12531E+02	-1.92277E+01	6.88621E+02	9.82406E+00
0.718	2.12531E+02	-1.86802E+01	6.86994E+02	1.11354E+01
0.720	2.12531E+02	-1.80819E+01	6.85217E+02	1.24354E+01
0.722	2.12531E+02	-1.74347E+01	6.83294E+02	1.37228E+01
0.724	2.12532E+02	-1.67408E+01	6.81233E+02	1.49964E+01
0.726	2.12532E+02	-1.60027E+01	6.79040E+02	1.62548E+01
0.728	2.12532E+02	-1.52230E+01	6.76724E+02	1.74968E+01
0.730	2.12532E+02	-1.44043E+01	6.74292E+02	1.87212E+01
0.732	2.12532E+02	-1.35497E+01	6.71754E+02	1.99267E+01
0.734	2.12533E+02	-1.26623E+01	6.69117E+02	2.11121E+01
0.736	2.12527E+02	-1.17419E+01	6.66368E+02	2.27147E+01
0.738	2.12528E+02	-1.07589E+01	6.63447E+02	2.50326E+01
0.740	2.12528E+02	-9.70769E+00	6.60325E+02	2.73252E+01
0.742	2.12528E+02	-8.59234E+00	6.57011E+02	2.95903E+01
0.744	2.12528E+02	-7.41693E+00	6.53520E+02	3.18256E+01
0.746	2.12529E+02	-6.18585E+00	6.49863E+02	3.40288E+01
0.748	2.12529E+02	-4.90369E+00	6.46054E+02	3.61978E+01
0.750	2.12529E+02	-3.57528E+00	6.42108E+02	3.83304E+01
0.752	2.12530E+02	-2.20561E+00	6.38039E+02	4.04244E+01
0.754	2.12530E+02	-7.99856E-01	6.33863E+02	4.24778E+01
0.756	2.12530E+02	6.36678E-01	6.29596E+02	4.44885E+01
0.758	2.12531E+02	2.09855E+00	6.25253E+02	4.64545E+01
0.760	2.12531E+02	3.58021E+00	6.20852E+02	4.83738E+01
0.762	2.12531E+02	5.07603E+00	6.16408E+02	5.02446E+01
0.764	2.12532E+02	6.58034E+00	6.11940E+02	5.20649E+01
0.766	2.12532E+02	8.08740E+00	6.07463E+02	5.38329E+01
0.768	2.12532E+02	9.59149E+00	6.02995E+02	5.55469E+01
0.770	2.12533E+02	1.10869E+01	5.98553E+02	5.72051E+01
0.772	2.12533E+02	1.25679E+01	5.94153E+02	5.88060E+01
0.774	2.12533E+02	1.40288E+01	5.89814E+02	6.03478E+01
0.776	2.12534E+02	1.54641E+01	5.85550E+02	6.18291E+01
0.778	2.12534E+02	1.68684E+01	5.81378E+02	6.32484E+01
0.780	2.12534E+02	1.82363E+01	5.77315E+02	6.46042E+01
0.782	2.12535E+02	1.95625E+01	5.73375E+02	6.58952E+01
0.784	2.12535E+02	2.08421E+01	5.69574E+02	6.71201E+01
0.786	2.12535E+02	2.20702E+01	5.65926E+02	6.82776E+01
0.788	2.12536E+02	2.32421E+01	5.62445E+02	6.93667E+01
0.790	2.12536E+02	2.43535E+01	5.59143E+02	7.03862E+01
0.792	2.12536E+02	2.54000E+01	5.56034E+02	7.13352E+01
0.794	2.12536E+02	2.63779E+01	5.53130E+02	7.22126E+01
0.796	2.12537E+02	2.72833E+01	5.50440E+02	7.30175E+01
0.798	2.12537E+02	2.81130E+01	5.47975E+02	7.37493E+01
0.800	2.12537E+02	2.88639E+01	5.45745E+02	7.44071E+01
0.802	2.12537E+02	2.95331E+01	5.43757E+02	7.49902E+01
0.804	2.12537E+02	3.01183E+01	5.42018E+02	7.54982E+01
0.806	2.12537E+02	3.06173E+01	5.40536E+02	7.59304E+01
0.808	2.12537E+02	3.10283E+01	5.39315E+02	7.62865E+01
0.810	2.12538E+02	3.13500E+01	5.38359E+02	7.65661E+01
0.812	2.12538E+02	3.15812E+01	5.37672E+02	7.67688E+01
0.814	2.12538E+02	3.17213E+01	5.37256E+02	7.68946E+01
0.816	2.12538E+02	3.17698E+01	5.37112E+02	7.69433E+01
0.818	2.12538E+02	3.17268E+01	5.37240E+02	7.69148E+01
0.820	2.12538E+02	3.15926E+01	5.37639E+02	7.68091E+01
0.822	2.12537E+02	3.13680E+01	5.38306E+02	7.66263E+01
0.824	2.12537E+02	3.10541E+01	5.39238E+02	7.63667E+01
0.826	2.12537E+02	3.06522E+01	5.40432E+02	7.60305E+01
0.828	2.12537E+02	3.01643E+01	5.41881E+02	7.56180E+01
0.830	2.12537E+02	2.95923E+01	5.43580E+02	7.51295E+01
0.832	2.12537E+02	2.89388E+01	5.45522E+02	7.45657E+01
0.834	2.12537E+02	2.82065E+01	5.47697E+02	7.39271E+01
0.836	2.12536E+02	2.73985E+01	5.50097E+02	7.32142E+01
0.838	2.12536E+02	2.65182E+01	5.52712E+02	7.24278E+01
0.840	2.12536E+02	2.55692E+01	5.55531E+02	7.15687E+01
0.842	2.12536E+02	2.45556E+01	5.58542E+02	7.06377E+01
0.844	2.12535E+02	2.34814E+01	5.61733E+02	6.96357E+01
0.846	2.12535E+02	2.23512E+01	5.65090E+02	6.85638E+01
0.848	2.12535E+02	2.11695E+01	5.68600E+02	6.74230E+01
0.850	2.12534E+02	1.99412E+01	5.72249E+02	6.62145E+01
0.852	2.12534E+02	1.86714E+01	5.76021E+02	6.49393E+01
0.854	2.12534E+02	1.73652E+01	5.79901E+02	6.35989E+01
0.856	2.12533E+02	1.60280E+01	5.83873E+02	6.21944E+01
0.858	2.12533E+02	1.46652E+01	5.87922E+02	6.07274E+01
0.860	2.12533E+02	1.32824E+01	5.92029E+02	5.91993E+01
0.862	2.12532E+02	1.18852E+01	5.96180E+02	5.76116E+01
0.864	2.12532E+02	1.04793E+01	6.00356E+02	5.59658E+01
0.866	2.12532E+02	9.07040E+00	6.04541E+02	5.42636E+01
0.868	2.12531E+02	7.66433E+00	6.08718E+02	5.25068E+01
0.870	2.12531E+02	6.26677E+00	6.12869E+02	5.06969E+01
0.872	2.12531E+02	4.88342E+00	6.16979E+02	4.88359E+01
0.874	2.12530E+02	3.51995E+00	6.21029E+02	4.69255E+01
0.876	2.12530E+02	2.18194E+00	6.25003E+02	4.49678E+01
0.878	2.12530E+02	8.74886E-01	6.28886E+02	4.29646E+01
0.880	2.12529E+02	-3.95824E-01	6.32661E+02	4.09178E+01
0.882	2.12529E+02	-1.62492E+00	6.36312E+02	3.88297E+01
0.884	2.12529E+02	-2.80729E+00	6.39824E+02	3.67021E+01
0.886	2.12528E+02	-3.93794E+00	6.43182E+02	3.45373E+01
0.888	2.12528E+02	-5.01210E+00	6.46373E+02	3.23375E+01
0.890	2.12528E+02	-6.02513E+00	6.49382E+02	3.01047E+01
0.892	2.12527E+02	-6.97262E+00	6.52197E+02	2.78413E+01
0.894	2.12527E+02	-7.85032E+00	6.54804E+02	2.55495E+01
0.896	2.12527E+02	-8.65423E+00	6.57192E+02	2.32316E+01
0.898	2.12527E+02	-9.38051E+00	6.59349E+02	2.08899E+01
0.900	2.12532E+02	-1.00275E+01	6.61288E+02	1.88722E+01
0.902	2.12532E+02	-1.06335E+01	6.63088E+02	1.78488E+01
0.904	2.12532E+02	-1.12120E+01	6.64806E+02	1.68073E+01
0.906	2.12532E+02	-1.17595E+01	6.66432E+02	1.57489E+01
0.908	2.12531E+02	-1.22726E+01	6.67956E+02	1.46744E+01
0.910	2.12531E+02	-1.27476E+01	6.69366E+02	1.35851E+01
0.912	2.12531E+02	-1.31806E+01	6.70652E+02	1.24820E+01
0.914	2.12530E+02	-1.35678E+01	6.71802E+02	1.13661E+01
0.916	2.12530E+02	-1.39049E+01	6.72802E+02	1.02387E+01
0.918	2.12530E+02	-1.41873E+01	6.73640E+02	9.10073E+00
0.920	2.12529E+02	-1.44102E+01	6.74301E+02	7.95345E+00
0.922	2.12529E+02	-1.45681E+01	6.74769E+02	6.79797E+00
0.924	2.12528E+02	-1.46552E+01	6.75026E+02	5.63542E+00
0.926	2.12528E+02	-1.46649E+01	6.75053E+02	4.46696E+00
0.928	2.12527E+02	-1.45899E+01	6.74828E+02	3.29376E+00
0.930	2.12525E+02	-1.44217E+01	6.74324E+02	2.21143E+00
0.932	2.12524E+02	-1.41424E+01	6.73491E+02	1.69108E+00
0.934	2.12527E+02	-1.37374E+01	6.72296E+02	1.41153E+00
0.936	2.12526E+02	-1.32253E+01	6.70771E+02	2.06850E+00
0.938	2.12525E+02	-1.26080E+01	6.68933E+02	2.72354E+00
0.940	2.12523E+02	-1.18712E+01	6.66740E+02	3.37601E+00
0.942	2.12522E+02	-1.09996E+01	6.64145E+02	4.02524E+00
0.944	2.12520E+02	-9.97669E+00	6.61101E+02	4.67059E+00
0.946	2.12519E+02	-8.78583E+00	6.57558E+02	5.31141E+00
0.948	2.12517E+02	-7.41066E+00	6.53467E+02	5.94707E+00
0.950	2.12516E+02	-5.83655E+00	6.48786E+02	6.57692E+00
0.952	2.12514E+02	-4.05240E+00	6.43481E+02	7.20033E+00
0.954	2.12514E+02	-2.05290E+00	6.37538E+02	7.81669E+00
0.956	2.12514E+02	1.58472E-01	6.30968E+02	8.42537E+00
0.958	2.12515E+02	2.56612E+00	6.23817E+02	9.02577E+00
0.960	2.12517E+02	5.13882E+00	6.16179E+02	9.61729E+00
0.962	2.12521E+02	7.82656E+00	6.08204E+02	1.01993E+01
0.964	2.12526E+02	1.05586E+01	6.00102E+02	1.07713E+01
0.966	2.12532E+02	1.32436E+01	5.92143E+02	1.13327E+01
0.968	2.12539E+02	1.57728E+01	5.84649E+02	1.18828E+01
0.970	2.12547E+02	1.80273E+01	5.77972E+02	1.24212E+01
0.972	2.12551E+02	1.98890E+01	5.72452E+02	1.31745E+01
0.974	2.12556E+02	2.12732E+01	5.68354E+02	1.46530E+01
0.976	2.12558E+02	2.21100E+01	5.65875E+02	1.61170E+01
0.978	2.12558E+02	2.23582E+01	5.65138E+02	1.75649E+01
0.980	2.12555E+02	2.20201E+01	5.66134E+02	1.89954E+01
0.982	2.12550E+02	2.11413E+01	5.68729E+02	2.04070E+01
0.984	2.12543E+02	1.98033E+01	5.72685E+02	2.17984E+01
0.986	2.12536E+02	1.81125E+01	5.77688E+02	2.31680E+01
0.988	2.12529E+02	1.61860E+01	5.83391E+02	2.45146E+01
0.990	2.12523E+02	1.41393E+01	5.89455E+02	2.58368E+01
0.992	2.12519E+02	1.20760E+01	5.95571E+02	2.71333E+01
0.994	2.12515E+02	1.00816E+01	6.01487E+02	2.84028E+01
0.996	2.12513E+02	8.22078E+00	6.07011E+02	2.96440E+01
0.998	2.12513E+02	6.53753E+00	6.12010E+02	3.08557E+01
1.000	2.12513E+02	5.05755E+00	6.16408E+02	3.20367E+01
1.002	2.12514E+02	3.79147E+00	6.20173E+02	3.31857E+01
1.004	2.12515E+02	2.73831E+00	6.23306E+02	3.43017E+01
1.006	2.12517E+02	1.88890E+00	6.25835E+02	3.53834E+01
1.008	2.12519E+02	1.22865E+00	6.27802E+02	3.64300E+01
1.010	2.12520E+02	7.39843E-01	6.29260E+02	3.74402E+01
1.012	2.12522E+02	4.03340E-01	6.30265E+02	3.84131E+01
1.014	2.12524E+02	1.99783E-01	6.30875E+02	3.93477E+01
1.016	2.12525E+02	1.10408E-01	6.31145E+02	4.02431E+01
1.018	2.12526E+02	1.25915E-01	6.31101E+02	4.18134E+01
1.020	2.12527E+02	2.40905E-01	6.30763E+02	4.33958E+01
1.022	2.12529E+02	4.40508E-01	6.30173E+02	4.49351E+01
1.024	2.12530E+02	7.11234E-01	6.29372E+02	4.64298E+01
1.026	2.12530E+02	1.04096E+00	6.28395E+02	4.78782E+01
1.028	2.12531E+02	1.41885E+00	6.27274E+02	4.92790E+01
1.030	2.12532E+02	1.83524E+00	6.26039E+02	5.06308E+01
1.032	2.12532E+02	2.28152E+00	6.24715E+02	5.19322E+01
1.034	2.12533E+02	2.75001E+00	6.23324E+02	5.31819E+01
1.036	2.12533E+02	3.23388E+00	6.21888E+02	5.43787E+01
1.038	2.12534E+02	3.72704E+00	6.20424E+02	5.55213E+01
1.040	2.12534E+02	4.22404E+00	6.18948E+02	5.66087E+01
1.042	2.12534E+02	4.72001E+00	6.17476E+02	5.76397E+01
1.044	2.12535E+02	5.21060E+00	6.16019E+02	5.86134E+01
1.046	2.12535E+02	5.69189E+00	6.14589E+02	5.95286E+01
1.048	2.12535E+02	6.16040E+00	6.13198E+02	6.03846E+01
1.050	2.12535E+02	6.61298E+00	6.11854E+02	6.11804E+01
1.052	2.12536E+02	7.04684E+00	6.10565E+02	6.19153E+01
1.054	2.12536E+02	7.45947E+00	6.09340E+02	6.25885E+01
1.056	2.12536E+02	7.84866E+00	6.08184E+02	6.31994E+01
1.058	2.12536E+02	8.21243E+00	6.07103E+02	6.37474E+01
1.060	2.12536E+02	8.54906E+00	6.06103E+02	6.42318E+01
1.062	2.12536E+02	8.85707E+00	6.05188E+02	6.46523E+01
1.064	2.12536E+02	9.13516E+00	6.04362E+02	6.50083E+01
1.066	2.12536E+02	9.38225E+00	6.03628E+02	6.52996E+01
1.068	2.12536E+02	9.59748E+00	6.02989E+02	6.55258E+01
1.070	2.12536E+02	9.78012E+00	6.02446E+02	6.56867E+01
1.072	2.12536E+02	9.92967E+00	6.02002E+02	6.57822E+01
1.074	2.12536E+02	1.00458E+01	6.01657E+02	6.58122E+01
1.076	2.12536E+02	1.01282E+01	6.01412E+02	6.57766E+01
1.078	2.12536E+02	1.01770E+01	6.01267E+02	6.56754E+01
1.080	2.12536E+02	1.01922E+01	6.01222E+02	6.55089E+01
1.082	2.12536E+02	1.01742E+01	6.01275E+02	6.52770E+01
1.084	2.12536E+02	1.01231E+01	6.01427E+02	6.49801E+01
1.086	2.12536E+02	1.00397E+01	6.01675E+02	6.46185E+01
1.088	2.12536E+02	9.92444E+00	6.02017E+02	6.41925E+01
1.090	2.12536E+02	9.77811E+00	6.02452E+02	6.37026E+01
1.092	2.12536E+02	9.60152E+00	6.02976E+02	6.31492E+01
1.094	2.12536E+02	9.39558E+00	6.03588E+02	6.25329E+01
1.096	2.12536E+02	9.16128E+00	6.04284E+02	6.18543E+01
1.098	2.12536E+02	8.89967E+00	6.05061E+02	6.11140E+01
1.100	2.12536E+02	8.61189E+00	6.05916E+02	6.03129E+01
1.102	2.12536E+02	8.29909E+00	6.06845E+02	5.94518E+01
1.104	2.12536E+02	7.96250E+00	6.07845E+02	5.85314E+01
1.106	2.12536E+02	7.60338E+00	6.08912E+02	5.75527E+01
1.108	2.12536E+02	7.22301E+00	6.10042E+02	5.65167E+01
1.110	2.12535E+02	6.82272E+00	6.11231E+02	5.54244E+01
1.112	2.12535E+02	6.40383E+00	6.12475E+02	5.42769E+01
1.114	2.12535E+02	5.96773E+00	6.13771E+02	5.30754E+01
1.116	2.12535E+02	5.51579E+00	6.15113E+02	5.18211E+01
1.118	2.12535E+02	5.04942E+00	6.16499E+02	5.05151E+01
1.120	2.12535E+02	4.57005E+00	6.17923E+02	4.91589E+01
1.122	2.12535E+02	4.07913E+00	6.19381E+02	4.77537E+01
1.124	2.12535E+02	3.57817E+00	6.20869E+02	4.63010E+01
1.126	2.12535E+02	3.06867E+00	6.22383E+02	4.48023E+01
1.128	2.12535E+02	2.55221E+00	6.23917E+02	4.32590E+01
1.130	2.12536E+02	2.02940E+00	6.25475E+02	4.19192E+01
1.132	2.12536E+02	1.49147E+00	6.27073E+02	4.09497E+01
1.134	2.12536E+02	9.37444E-01	6.28719E+02	3.99393E+01
1.136	2.12536E+02	3.69201E-01	6.30407E+02	3.88891E+01
1.138	2.12536E+02	-2.11241E-01	6.32131E+02	3.78000E+01
1.140	2.12536E+02	-8.01750E-01	6.33886E+02	3.66732E+01
1.142	2.12535E+02	-1.40008E+00	6.35663E+02	3.55097E+01
1.144	2.12535E+02	-2.00387E+00	6.37457E+02	3.43109E+01
1.146	2.12535E+02	-2.61066E+00	6.39259E+02	3.30777E+01
1.148	2.12535E+02	-3.21790E+00	6.41063E+02	3.18116E+01
1.150	2.12535E+02	-3.82296E+00	6.42860E+02	3.05137E+01
1.152	2.12535E+02	-4.42315E+00	6.44643E+02	2.91853E+01
1.154	2.12534E+02	-5.01572E+00	6.46403E+02	2.78278E+01
1.156	2.12534E+02	-5.59792E+00	6.48132E+02	2.64426E+01
1.158	2.12534E+02	-6.16698E+00	6.49823E+02	2.50309E+01
1.160	2.12534E+02	-6.72015E+00	6.51466E+02	2.35943E+01
1.162	2.12534E+02	-7.25471E+00	6.53054E+02	2.21341E+01
1.164	2.12534E+02	-7.76801E+00	6.54578E+02	2.06518E+01
1.166	2.12533E+02	-8.25751E+00	6.56032E+02	1.91489E+01
1.168	2.12533E+02	-8.72073E+00	6.57408E+02	1.76269E+01
1.170	2.12533E+02	-9.15534E+00	6.58699E+02	1.60873E+01
1.172	2.12534E+02	-9.57238E+00	6.59941E+02	1.54305E+01
1.174	2.12533E+02	-9.98538E+00	6.61164E+02	1.51430E+01
1.176	2.12533E+02	-1.03853E+01	6.62352E+02	1.50636E+01
1.178	2.12532E+02	-1.07693E+01	6.63493E+02	1.49693E+01
1.180	2.12532E+02	-1.11358E+01	6.64581E+02	1.48602E+01
1.182	2.12532E+02	-1.14830E+01	6.65613E+02	1.47363E+01
1.184	2.12532E+02	-1.18093E+01	6.66582E+02	1.45979E+01
1.186	2.12532E+02	-1.21134E+01	6.67485E+02	1.44451E+01
1.188	2.12532E+02	-1.23940E+01	6.68319E+02	1.42780E+01
1.190	2.12532E+02	-1.26500E+01	6.69079E+02	1.40967E+01
1.192	2.12532E+02	-1.28805E+01	6.69764E+02	1.39015E+01
1.194	2.12532E+02	-1.30845E+01	6.70370E+02	1.36925E+01
1.196	2.12532E+02	-1.32614E+01	6.70896E+02	1.34700E+01
1.198	2.12532E+02	-1.34108E+01	6.71339E+02	1.32342E+01
1.200	2.12532E+02	-1.35321E+01	6.71700E+02	1.29853E+01
1.202	2.12532E+02	-1.36252E+01	6.71976E+02	1.27235E+01
1.204	2.12532E+02	-1.36899E+01	6.72169E+02	1.24491E+01
1.206	2.12532E+02	-1.37263E+01	6.72277E+02	1.21625E+01
1.208	2.12532E+02	-1.37344E+01	6.72301E+02	1.18638E+01
1.210	2.12532E+02	-1.37146E+01	6.72242E+02	1.15533E+01
1.212	2.12532E+02	-1.36672E+01	6.72101E+02	1.12315E+01
1.214	2.12532E+02	-1.35927E+01	6.71880E+02	1.08985E+01
1.216	2.12534E+02	-1.34928E+01	6.71590E+02	1.08038E+01
1.218	2.12534E+02	-1.33820E+01	6.71261E+02	1.12192E+01
1.220	2.12534E+02	-1.32656E+01	6.70915E+02	1.16235E+01
1.222	2.12534E+02	-1.31444E+01	6.70555E+02	1.20162E+01
1.224	2.12534E+02	-1.30190E+01	6.70183E+02	1.23969E+01
1.226	2.12534E+02	-1.28903E+01	6.69800E+02	1.27653E+01
1.228	2.12534E+02	-1.27590E+01	6.69410E+02	1.31210E+01
1.230	2.12535E+02	-1.26259E+01	6.69015E+02	1.34636E+01
1.232	2.12535E+02	-1.24918E+01	6.68617E+02	1.37928E+01
1.234	2.12533E+02	-1.23472E+01	6.68182E+02	1.48979E+01
1.236	2.12533E+02	-1.21757E+01	6.67673E+02	1.61177E+01
1.238	2.12533E+02	-1.19779E+01	6.67086E+02	1.73214E+01
1.240	2.12533E+02	-1.17549E+01	6.66423E+02	1.85079E+01
1.242	2.12533E+02	-1.15075E+01	6.65688E+02	1.96759E+01
1.244	2.12533E+02	-1.12370E+01	6.64885E+02	2.08243E+01
1.246	2.12533E+02	-1.09446E+01	6.64016E+02	2.19519E+01
1.248	2.12533E+02	-1.06316E+01	6.63086E+02	2.30575E+01
1.250	2.12534E+02	-1.02993E+01	6.62099E+02	2.41402E+01
1.252	2.12534E+02	-9.94918E+00	6.61059E+02	2.51988E+01
1.254	2.12534E+02	-9.58265E+00	6.59971E+02	2.62322E+01
1.256	2.12534E+02	-9.20127E+00	6.58838E+02	2.72395E+01
1.258	2.12534E+02	-8.80661E+00	6.57665E+02	2.82195E+01
1.260	2.12534E+02	-8.40030E+00	6.56458E+02	2.91714E+01
1.262	2.12534E+02	-7.98399E+00	6.55222E+02	3.00942E+01
1.264	2.12534E+02	-7.55935E+00	6.53960E+02	3.09869E+01
1.266	2.12534E+02	-7.12810E+00	6.52679E+02	3.18487E+01
1.268	2.12534E+02	-6.69195E+00	6.51384E+02	3.26786E+01
1.270	2.12535E+02	-6.25264E+00	6.50079E+02	3.34760E+01
1.272	2.12535E+02	-5.81191E+00	6.48769E+02	3.42400E+01
1.274	2.12535E+02	-5.37148E+00	6.47461E+02	3.49697E+01
1.276	2.12535E+02	-4.93308E+00	6.46159E+02	3.56646E+01
1.278	2.12535E+02	-4.49842E+00	6.44868E+02	3.63238E+01
1.280	2.12535E+02	-4.06919E+00	6.43593E+02	3.69468E+01
1.282	2.12535E+02	-3.64704E+00	6.42339E+02	3.75329E+01
1.284	2.12535E+02	-3.23360E+00	6.41110E+02	3.80815E+01
1.286	2.12535E+02	-2.83044E+00	6.39913E+02	3.85921E+01
1.288	2.12536E+02	-2.43911E+00	6.38750E+02	3.90642E+01
1.290	2.12535E+02	-2.05899E+00	6.37620E+02	3.98550E+01
1.292	2.12535E+02	-1.68759E+00	6.36517E+02	4.06803E+01
1.294	2.12535E+02	-1.32620E+00	6.35443E+02	4.14654E+01
1.296	2.12535E+02	-9.76169E-01	6.34403E+02	4.22094E+01
1.298	2.12535E+02	-6.38781E-01	6.33401E+02	4.29116E+01
1.300	2.12536E+02	-3.15269E-01	6.32440E+02	4.35712E+01
1.302	2.12536E+02	-6.80690E-03	6.31524E+02	4.41878E+01
1.304	2.12536E+02	2.85495E-01	6.30655E+02	4.47605E+01
1.306	2.12536E+02	5.60596E-01	6.29838E+02	4.52889E+01
1.308	2.12536E+02	8.17528E-01	6.29075E+02	4.57725E+01
1.310	2.12536E+02	1.05540E+00	6.28368E+02	4.62107E+01
1.312	2.12536E+02	1.27339E+00	6.27721E+02	4.66031E+01
1.314	2.12536E+02	1.47078E+00	6.27134E+02	4.69493E+01
1.316	2.12536E+02	1.64692E+00	6.26611E+02	4.72491E+01
1.318	2.12536E+02	1.80125E+00	6.26153E+02	4.75020E+01
1.320	2.12536E+02	1.93331E+00	6.25760E+02	4.77079E+01
1.322	2.12535E+02	2.04388E+00	6.25427E+02	4.81340E+01
1.324	2.12535E+02	2.14156E+00	6.25137E+02	4.88472E+01
1.326	2.12535E+02	2.22794E+00	6.24881E+02	4.95121E+01
1.328	2.12534E+02	2.30655E+00	6.24645E+02	5.06047E+01
1.330	2.12534E+02	2.38394E+00	6.24415E+02	5.17378E+01
1.332	2.12534E+02	2.46009E+00	6.24189E+02	5.28197E+01
1.334	2.12534E+02	2.53487E+00	6.23967E+02	5.38495E+01
1.336	2.12534E+02	2.60816E+00	6.23749E+02	5.48260E+01
1.338	2.12534E+02	2.67984E+00	6.23536E+02	5.57484E+01
1.340	2.12534E+02	2.74979E+00	6.23328E+02	5.66156E+01
1.342	2.12534E+02	2.81792E+00	6.23126E+02	5.74269E+01
1.344	2.12534E+02	2.88413E+00	6.22929E+02	5.81813E+01
1.346	2.12534E+02	2.94833E+00	6.22738E+02	5.88783E+01
1.348	2.12534E+02	3.01046E+00	6.22554E+02	5.95170E+01
1.350	2.12534E+02	3.07044E+00	6.22375E+02	6.00968E+01
1.352	2.12534E+02	3.12821E+00	6.22204E+02	6.06172E+01
1.354	2.12534E+02	3.18372E+00	6.22039E+02	6.10777E+01
1.356	2.12534E+02	3.23694E+00	6.21881E+02	6.14777E+01
1.358	2.12534E+02	3.28784E+00	6.21729E+02	6.18169E+01
1.360	2.12534E+02	3.33638E+00	6.21585E+02	6.20950E+01
1.362	2.12534E+02	3.38257E+00	6.21448E+02	6.23117E+01
1.364	2.12534E+02	3.42638E+00	6.21318E+02	6.24667E+01
1.366	2.12534E+02	3.46784E+00	6.21195E+02	6.25600E+01
1.368	2.12534E+02	3.50695E+00	6.21078E+02	6.25914E+01
1.370	2.12534E+02	3.54374E+00	6.20969E+02	6.25608E+01
1.372	2.12534E+02	3.57823E+00	6.20867E+02	6.24684E+01
1.374	2.12534E+02	3.60580E+00	6.20785E+02	6.28479E+01
1.376	2.12534E+02	3.62166E+00	6.20738E+02	6.31708E+01
1.378	2.12534E+02	3.62591E+00	6.20725E+02	6.34311E+01
1.380	2.12534E+02	3.61870E+00	6.20746E+02	6.36286E+01
1.382	2.12534E+02	3.60025E+00	6.20801E+02	6.37630E+01
1.384	2.12534E+02	3.57078E+00	6.20889E+02	6.38342E+01
1.386	2.12533E+02	3.53454E+00	6.20992E+02	6.43333E+01
1.388	2.12533E+02	3.50191E+00	6.21089E+02	6.49435E+01
1.390	2.12532E+02	3.47367E+00	6.21173E+02	6.54894E+01
1.392	2.12532E+02	3.45011E+00	6.21243E+02	6.59704E+01
1.394	2.12532E+02	3.43147E+00	6.21298E+02	6.63862E+01
1.396	2.12532E+02	3.41799E+00	6.21338E+02	6.67361E+01
1.398	2.12532E+02	3.40988E+00	6.21362E+02	6.70200E+01
1.400	2.12532E+02	3.40730E+00	6.21370E+02	6.72375E+01
1.402	2.12532E+02	3.41043E+00	6.21361E+02	6.73885E+01
1.404	2.12532E+02	3.41940E+00	6.21334E+02	6.74726E+01
1.406	2.12532E+02	3.43430E+00	6.21290E+02	6.74900E+01
1.408	2.12532E+02	3.45522E+00	6.21227E+02	6.74405E+01
1.410	2.12532E+02	3.48222E+00	6.21147E+02	6.73242E+01
1.412	2.12532E+02	3.51531E+00	6.21049E+02	6.71413E+01
1.414	2.12532E+02	3.55449E+00	6.20932E+02	6.68919E+01
1.416	2.12532E+02	3.59974E+00	6.20798E+02	6.65762E+01
1.418	2.12532E+02	3.65100E+00	6.20646E+02	6.61946E+01
1.420	2.12532E+02	3.70819E+00	6.20476E+02	6.57474E+01
1.422	2.12532E+02	3.77119E+00	6.20289E+02	6.52352E+01
1.424	2.12532E+02	3.83988E+00	6.20085E+02	6.46584E+01
1.426	2.12532E+02	3.91410E+00	6.19864E+02	6.40176E+01
1.428	2.12532E+02	3.99366E+00	6.19628E+02	6.33134E+01
1.430	2.12532E+02	4.07836E+00	6.19376E+02	6.25466E+01
1.432	2.12536E+02	4.16417E+00	6.19131E+02	6.21998E+01
1.434	2.12536E+02	4.23013E+00	6.18936E+02	6.22287E+01
1.436	2.12536E+02	4.27295E+00	6.18808E+02	6.21961E+01
1.438	2.12536E+02	4.29256E+00	6.18750E+02	6.21019E+01
1.440	2.12536E+02	4.28900E+00	6.18761E+02	6.19463E+01
1.442	2.12536E+02	4.26237E+00	6.18840E+02	6.17295E+01
1.444	2.12536E+02	4.21288E+00	6.18987E+02	6.14515E+01
1.446	2.12536E+02	4.14084E+00	6.19201E+02	6.11128E+01
1.448	2.12536E+02	4.04662E+00	6.19481E+02	6.07137E+01
1.450	2.12536E+02	3.93072E+00	6.19825E+02	6.02545E+01
1.452	2.12536E+02	3.79368E+00	6.20232E+02	5.97357E+01
1.454	2.12536E+02	3.63616E+00	6.20700E+02	5.91579E+01
1.456	2.12536E+02	3.45888E+00	6.21226E+02	5.85216E+01
1.458	2.12536E+02	3.26265E+00	6.21809E+02	5.78275E+01
1.460	2.12535E+02	3.05140E+00	6.22436E+02	5.75082E+01
1.462	2.12535E+02	2.83075E+00	6.23091E+02	5.71876E+01
1.464	2.12535E+02	2.60179E+00	6.23771E+02	5.68115E+01
1.466	2.12535E+02	2.36558E+00	6.24473E+02	5.63804E+01
1.468	2.12535E+02	2.12321E+00	6.25193E+02	5.58946E+01
1.470	2.12535E+02	1.87580E+00	6.25928E+02	5.53546E+01
1.472	2.12535E+02	1.62449E+00	6.26674E+02	5.47610E+01
1.474	2.12535E+02	1.37042E+00	6.27429E+02	5.41144E+01
1.476	2.12535E+02	1.11476E+00	6.28188E+02	5.34154E+01
1.478	2.12535E+02	8.58665E-01	6.28949E+02	5.26647E+01
1.480	2.12535E+02	6.03295E-01	6.29708E+02	5.18632E+01
1.482	2.12534E+02	3.49807E-01	6.30460E+02	5.10114E+01
1.484	2.12534E+02	9.93469E-02	6.31204E+02	5.01105E+01
1.486	2.12534E+02	-1.46956E-01	6.31936E+02	4.91611E+01
1.488	2.12534E+02	-3.87991E-01	6.32652E+02	4.81643E+01
1.490	2.12534E+02	-6.22674E-01	6.33349E+02	4.71211E+01
1.492	2.12535E+02	-8.50492E-01	6.34028E+02	4.62147E+01
1.494	2.12535E+02	-1.07487E+00	6.34695E+02	4.55088E+01
1.496	2.12535E+02	-1.29576E+00	6.35351E+02	4.47585E+01
1.498	2.12535E+02	-1.51216E+00	6.35994E+02	4.39646E+01
1.500	2.12535E+02	-1.72308E+00	6.36620E+02	4.31280E+01
1.502	2.12535E+02	-1.92756E+00	6.37227E+02	4.22495E+01
1.504	2.12534E+02	-2.12467E+00	6.37813E+02	4.13299E+01
1.506	2.12534E+02	-2.31351E+00	6.38374E+02	4.03702E+01
1.508	2.12534E+02	-2.49323E+00	6.38908E+02	3.93713E+01
1.510	2.12534E+02	-2.66301E+00	6.39412E+02	3.83342E+01
1.512	2.12534E+02	-2.82207E+00	6.39885E+02	3.72600E+01
1.514	2.12534E+02	-2.96969E+00	6.40323E+02	3.61497E+01
1.516	2.12534E+02	-3.10518E+00	6.40725E+02	3.50127E+01
1.518	2.12534E+02	-3.22499E+00	6.41081E+02	3.42496E+01
1.520	2.12534E+02	-3.32583E+00	6.41381E+02	3.34533E+01
1.522	2.12534E+02	-3.41284E+00	6.41640E+02	3.32089E+01
1.524	2.12534E+02	-3.49186E+00	6.41874E+02	3.29501E+01
1.526	2.12535E+02	-3.56267E+00	6.42087E+02	3.27514E+01
1.528	2.12534E+02	-3.63146E+00	6.42289E+02	3.30959E+01
1.530	2.12534E+02	-3.69413E+00	6.42475E+02	3.39065E+01
1.532	2.12534E+02	-3.74632E+00	6.42630E+02	3.46840E+01
1.534	2.12534E+02	-3.78775E+00	6.42753E+02	3.54278E+01
1.536	2.12534E+02	-3.81823E+00	6.42844E+02	3.61370E+01
1.538	2.12534E+02	-3.83759E+00	6.42901E+02	3.68110E+01
1.540	2.12534E+02	-3.84571E+00	6.42925E+02	3.74491E+01
1.542	2.12534E+02	-3.84253E+00	6.42916E+02	3.80507E+01
1.544	2.12534E+02	-3.82801E+00	6.42873E+02	3.86150E+01
1.546	2.12534E+02	-3.80220E+00	6.42796E+02	3.91417E+01
1.548	2.12534E+02	-3.76517E+00	6.42686E+02	3.96301E+01
1.550	2.12534E+02	-3.71705E+00	6.42543E+02	4.00797E+01
1.552	2.12534E+02	-3.65800E+00	6.42368E+02	4.04902E+01
1.554	2.12534E+02	-3.58825E+00	6.42160E+02	4.08610E+01
1.556	2.12534E+02	-3.50805E+00	6.41922E+02	4.11918E+01
1.558	2.12534E+02	-3.41773E+00	6.41654E+02	4.14823E+01
1.560	2.12534E+02	-3.31763E+00	6.41356E+02	4.17322E+01
1.562	2.12534E+02	-3.20814E+00	6.41031E+02	4.19412E+01
1.564	2.12534E+02	-3.08971E+00	6.40679E+02	4.21091E+01
1.566	2.12534E+02	-2.96280E+00	6.40302E+02	4.22358E+01
1.568	2.12534E+02	-2.82793E+00	6.39902E+02	4.23210E+01
1.570	2.12534E+02	-2.68563E+00	6.39479E+02	4.23648E+01
1.572	2.12534E+02	-2.53649E+00	6.39036E+02	4.23670E+01
1.574	2.12534E+02	-2.38112E+00	6.38575E+02	4.23277E+01
1.576	2.12534E+02	-2.22014E+00	6.38096E+02	4.22469E+01
1.578	2.12534E+02	-2.05423E+00	6.37604E+02	4.21246E+01
1.580	2.12534E+02	-1.88405E+00	6.37098E+02	4.19610E+01
1.582	2.12535E+02	-1.71032E+00	6.36582E+02	4.17563E+01
1.584	2.12536E+02	-1.53429E+00	6.36063E+02	4.16920E+01
1.586	2.12536E+02	-1.36685E+00	6.35566E+02	4.20720E+01
1.588	2.12536E+02	-1.21255E+00	6.35108E+02	4.24108E+01
1.590	2.12536E+02	-1.07205E+00	6.34690E+02	4.27078E+01
1.592	2.12536E+02	-9.45945E-01	6.34316E+02	4.29629E+01
1.594	2.12536E+02	-8.34778E-01	6.33985E+02	4.31758E+01
1.596	2.12536E+02	-7.39037E-01	6.33701E+02	4.33463E+01
1.598	2.12536E+02	-6.59148E-01	6.33464E+02	4.34741E+01
1.600	2.12536E+02	-5.95476E-01	6.33275E+02	4.35591E+01
1.602	2.12536E+02	-5.48323E-01	6.33135E+02	4.36013E+01
1.604	2.12536E+02	-5.17929E-01	6.33044E+02	4.36006E+01
1.606	2.12536E+02	-5.04467E-01	6.33004E+02	4.35569E+01
1.608	2.12536E+02	-5.08041E-01	6.33015E+02	4.34704E+01
1.610	2.12536E+02	-5.28693E-01	6.33076E+02	4.33411E+01
1.612	2.12536E+02	-5.66395E-01	6.33188E+02	4.31691E+01
1.614	2.12536E+02	-6.21051E-01	6.33351E+02	4.29545E+01
1.616	2.12536E+02	-6.92498E-01	6.33563E+02	4.26977E+01
1.618	2.12536E+02	-7.80506E-01	6.33824E+02	4.23987E+01
1.620	2.12536E+02	-8.84779E-01	6.34134E+02	4.20580E+01
1.622	2.12535E+02	-9.99242E-01	6.34469E+02	4.22665E+01
1.624	2.12535E+02	-1.11077E+00	6.34801E+02	4.26024E+01
1.626	2.12535E+02	-1.21854E+00	6.35121E+02	4.28961E+01
1.628	2.12534E+02	-1.32218E+00	6.35429E+02	4.31473E+01
1.630	2.12534E+02	-1.42135E+00	6.35723E+02	4.33556E+01
1.632	2.12534E+02	-1.51573E+00	6.36004E+02	4.35208E+01
1.634	2.12534E+02	-1.60499E+00	6.36269E+02	4.36428E+01
1.636	2.12533E+02	-1.68712E+00	6.36509E+02	4.40459E+01
1.638	2.12533E+02	-1.75465E+00	6.36710E+02	4.46253E+01
1.640	2.12533E+02	-1.80655E+00	6.36864E+02	4.51606E+01
1.642	2.12533E+02	-1.84262E+00	6.36971E+02	4.56513E+01
1.644	2.12533E+02	-1.86273E+00	6.37031E+02	4.60969E+01
1.646	2.12533E+02	-1.86681E+00	6.37043E+02	4.64969E+01
1.648	2.12533E+02	-1.85483E+00	6.37007E+02	4.68510E+01
1.650	2.12533E+02	-1.82682E+00	6.36924E+02	4.71587E+01
1.652	2.12533E+02	-1.78253E+00	6.36792E+02	4.75632E+01
1.654	2.12533E+02	-1.72023E+00	6.36607E+02	4.80518E+01
1.656	2.12533E+02	-1.63983E+00	6.36368E+02	4.84928E+01
1.658	2.12533E+02	-1.54160E+00	6.36076E+02	4.88859E+01
1.660	2.12533E+02	-1.42583E+00	6.35732E+02	4.92305E+01
1.662	2.12533E+02	-1.29289E+00	6.35337E+02	4.95264E+01
1.664	2.12533E+02	-1.14317E+00	6.34892E+02	4.97732E+01
1.666	2.12533E+02	-9.80995E-01	6.34411E+02	5.04557E+01
1.668	2.12533E+02	-8.11145E-01	6.33906E+02	5.11022E+01
1.670	2.12533E+02	-6.34101E-01	6.33380E+02	5.16978E+01
1.672	2.12533E+02	-4.50348E-01	6.32834E+02	5.22417E+01
1.674	2.12533E+02	-2.60374E-01	6.32270E+02	5.27334E+01
1.676	2.12533E+02	-6.46643E-02	6.31688E+02	5.31725E+01
1.678	2.12533E+02	1.36295E-01	6.31091E+02	5.35585E+01
1.680	2.12533E+02	3.42028E-01	6.30480E+02	5.38910E+01
1.682	2.12533E+02	5.52064E-01	6.29856E+02	5.41698E+01
1.684	2.12533E+02	7.65949E-01	6.29221E+02	5.43944E+01
1.686	2.12533E+02	9.83238E-01	6.28575E+02	5.45647E+01
1.688	2.12533E+02	1.20351E+00	6.27921E+02	5.46805E+01
1.690	2.12533E+02	1.42635E+00	6.27259E+02	5.47417E+01
1.692	2.12533E+02	1.65138E+00	6.26590E+02	5.47483E+01
1.694	2.12533E+02	1.87822E+00	6.25916E+02	5.47002E+01
1.696	2.12533E+02	2.10653E+00	6.25238E+02	5.45975E+01
1.698	2.12533E+02	2.33597E+00	6.24556E+02	5.44402E+01
1.700	2.12533E+02	2.56624E+00	6.23872E+02	5.42286E+01
1.702	2.12533E+02	2.79703E+00	6.23186E+02	5.39629E+01
1.704	2.12533E+02	3.02804E+00	6.22500E+02	5.36432E+01
1.706	2.12533E+02	3.25900E+00	6.21813E+02	5.32700E+01
1.708	2.12533E+02	3.48962E+00	6.21128E+02	5.28435E+01
1.710	2.12533E+02	3.71959E+00	6.20445E+02	5.23643E+01
1.712	2.12533E+02	3.94859E+00	6.19765E+02	5.18328E+01
1.714	2.12534E+02	4.17629E+00	6.19088E+02	5.12654E+01
1.716	2.12534E+02	4.39925E+00	6.18426E+02	5.10458E+01
1.718	2.12534E+02	4.61446E+00	6.17787E+02	5.07753E+01
1.720	2.12534E+02	4.82144E+00	6.17172E+02	5.04542E+01
1.722	2.12534E+02	5.01965E+00	6.16583E+02	5.00827E+01
1.724	2.12534E+02	5.20851E+00	6.16022E+02	4.96613E+01
1.726	2.12534E+02	5.38732E+00	6.15490E+02	4.91903E+01
1.728	2.12535E+02	5.55147E+00	6.15006E+02	4.91556E+01
1.730	2.12535E+02	5.69247E+00	6.14587E+02	4.91840E+01
1.732	2.12535E+02	5.80918E+00	6.14240E+02	4.91632E+01
1.734	2.12535E+02	5.90060E+00	6.13969E+02	4.90934E+01
1.736	2.12535E+02	5.96567E+00	6.13776E+02	4.89746E+01
1.738	2.12535E+02	6.00326E+00	6.13664E+02	4.88069E+01
1.740	2.12535E+02	6.01218E+00	6.13638E+02	4.85906E+01
1.742	2.12535E+02	5.99121E+00	6.13700E+02	4.83257E+01
1.744	2.12535E+02	5.93912E+00	6.13855E+02	4.80127E+01
1.746	2.12535E+02	5.85467E+00	6.14106E+02	4.76518E+01
1.748	2.12535E+02	5.73670E+00	6.14457E+02	4.72433E+01
1.750	2.12535E+02	5.58415E+00	6.14911E+02	4.67877E+01
1.752	2.12535E+02	5.39607E+00	6.15470E+02	4.62854E+01
1.754	2.12535E+02	5.17173E+00	6.16136E+02	4.57370E+01
1.756	2.12535E+02	4.91063E+00	6.16912E+02	4.51430E+01
1.758	2.12535E+02	4.61257E+00	6.17798E+02	4.45040E+01
1.760	2.12535E+02	4.27768E+00	6.18793E+02	4.38207E+01
1.762	2.12535E+02	3.90647E+00	6.19895E+02	4.30937E+01
1.764	2.12535E+02	3.49988E+00	6.21103E+02	4.23237E+01
1.766	2.12535E+02	3.05928E+00	6.22412E+02	4.15116E+01
1.768	2.12535E+02	2.58647E+00	6.23817E+02	4.06582E+01
1.770	2.12534E+02	2.08669E+00	6.25299E+02	4.01898E+01
1.772	2.12534E+02	1.56873E+00	6.26837E+02	3.97871E+01
1.774	2.12534E+02	1.03586E+00	6.28420E+02	3.93455E+01
1.776	2.12533E+02	4.91534E-01	6.30036E+02	3.88656E+01
1.778	2.12533E+02	-6.05301E-02	6.31676E+02	3.83478E+01
1.780	2.12533E+02	-6.16383E-01	6.33327E+02	3.77926E+01
1.782	2.12533E+02	-1.17191E+00	6.34977E+02	3.72006E+01
1.784	2.12532E+02	-1.72290E+00	6.36613E+02	3.65722E+01
1.786	2.12532E+02	-2.26508E+00	6.38223E+02	3.59082E+01
1.788	2.12532E+02	-2.79424E+00	6.39795E+02	3.52092E+01
1.790	2.12532E+02	-3.30622E+00	6.41315E+02	3.44759E+01
1.792	2.12531E+02	-3.79701E+00	6.42773E+02	3.37090E+01
1.794	2.12531E+02	-4.26280E+00	6.44156E+02	3.29092E+01
1.796	2.12531E+02	-4.69999E+00	6.45454E+02	3.20774E+01
1.798	2.12531E+02	-5.10526E+00	6.46658E+02	3.12144E+01
1.800	2.12530E+02	-5.47559E+00	6.47758E+02	3.03211E+01
1.802	2.12530E+02	-5.80827E+00	6.48746E+02	2.93982E+01
1.804	2.12530E+02	-6.10092E+00	6.49615E+02	2.84468E+01
1.806	2.12530E+02	-6.35154E+00	6.50359E+02	2.74678E+01
1.808	2.12530E+02	-6.55846E+00	6.50974E+02	2.64622E+01
1.810	2.12530E+02	-6.72037E+00	6.51455E+02	2.54310E+01
1.812	2.12530E+02	-6.83636E+00	6.51799E+02	2.43752E+01
1.814	2.12530E+02	-6.90585E+00	6.52006E+02	2.32958E+01
1.816	2.12530E+02	-6.92865E+00	6.52073E+02	2.21940E+01
1.818	2.12530E+02	-6.90492E+00	6.52003E+02	2.10709E+01
1.820	2.12532E+02	-6.84066E+00	6.51817E+02	2.05056E+01
1.822	2.12532E+02	-6.74953E+00	6.51547E+02	2.01002E+01
1.824	2.12532E+02	-6.63322E+00	6.51201E+02	1.96757E+01
1.826	2.12532E+02	-6.49314E+00	6.50785E+02	1.92324E+01
1.828	2.12532E+02	-6.33098E+00	6.50304E+02	1.87710E+01
1.830	2.12532E+02	-6.14868E+00	6.49763E+02	1.82918E+01
1.832	2.12532E+02	-5.94841E+00	6.49168E+02	1.77952E+01
1.834	2.12533E+02	-5.73257E+00	6.48527E+02	1.72820E+01
1.836	2.12534E+02	-5.50632E+00	6.47859E+02	1.71483E+01
1.838	2.12534E+02	-5.27938E+00	6.47185E+02	1.71540E+01
1.840	2.12534E+02	-5.05503E+00	6.46519E+02	1.71435E+01
1.842	2.12534E+02	-4.83618E+00	6.45869E+02	1.71170E+01
1.844	2.12534E+02	-4.62578E+00	6.45244E+02	1.70744E+01
1.846	2.12535E+02	-4.42677E+00	6.44654E+02	1.70158E+01
1.848	2.12535E+02	-4.24200E+00	6.44105E+02	1.69413E+01
1.850	2.12535E+02	-4.07422E+00	6.43607E+02	1.68509E+01
1.852	2.12535E+02	-3.92602E+00	6.43167E+02	1.67449E+01
1.854	2.12536E+02	-3.80015E+00	6.42795E+02	1.67751E+01
1.856	2.12536E+02	-3.70026E+00	6.42498E+02	1.68918E+01
1.858	2.12536E+02	-3.62830E+00	6.42285E+02	1.69918E+01
1.860	2.12536E+02	-3.58567E+00	6.42158E+02	1.70749E+01
1.862	2.12536E+02	-3.57341E+00	6.42122E+02	1.71411E+01
1.864	2.12536E+02	-3.59219E+00	6.42178E+02	1.71903E+01
1.866	2.12536E+02	-3.64224E+00	6.42326E+02	1.72224E+01
1.868	2.12536E+02	-3.72342E+00	6.42567E+02	1.72375E+01
1.870	2.12536E+02	-3.83520E+00	6.42899E+02	1.72353E+01
1.872	2.12536E+02	-3.97670E+00	6.43320E+02	1.72161E+01
1.874	2.12536E+02	-4.14670E+00	6.43825E+02	1.71798E+01
1.876	2.12536E+02	-4.34370E+00	6.44410E+02	1.71263E+01
1.878	2.12535E+02	-4.56594E+00	6.45070E+02	1.70559E+01
1.880	2.12535E+02	-4.81146E+00	6.45799E+02	1.69685E+01
1.882	2.12535E+02	-5.07816E+00	6.46591E+02	1.68642E+01
1.884	2.12535E+02	-5.36383E+00	6.47439E+02	1.67431E+01
1.886	2.12535E+02	-5.66620E+00	6.48337E+02	1.66054E+01
1.888	2.12535E+02	-5.98295E+00	6.49278E+02	1.64512E+01
1.890	2.12535E+02	-6.31184E+00	6.50255E+02	1.62806E+01
1.892	2.12534E+02	-6.65062E+00	6.51261E+02	1.60938E+01
1.894	2.12534E+02	-6.99715E+00	6.52290E+02	1.58910E+01
1.896	2.12534E+02	-7.34940E+00	6.53336E+02	1.56724E+01
1.898	2.12534E+02	-7.70541E+00	6.54394E+02	1.54382E+01
1.900	2.12534E+02	-8.06338E+00	6.55457E+02	1.51886E+01
1.902	2.12534E+02	-8.42164E+00	6.56522E+02	1.49240E+01
1.904	2.12534E+02	-8.77864E+00	6.57582E+02	1.46445E+01
1.906	2.12534E+02	-9.13295E+00	6.58635E+02	1.43504E+01
1.908	2.12534E+02	-9.48330E+00	6.59675E+02	1.40420E+01
1.910	2.12534E+02	-9.82850E+00	6.60701E+02	1.37197E+01
1.912	2.12534E+02	-1.01675E+01	6.61708E+02	1.33838E+01
1.914	2.12534E+02	-1.04993E+01	6.62694E+02	1.30345E+01
1.916	2.12534E+02	-1.08231E+01	6.63656E+02	1.26722E+01
1.918	2.12534E+02	-1.11381E+01	6.64592E+02	1.22974E+01
1.920	2.12534E+02	-1.14435E+01	6.65499E+02	1.19104E+01
1.922	2.12533E+02	-1.17387E+01	6.66376E+02	1.15115E+01
1.924	2.12533E+02	-1.20231E+01	6.67221E+02	1.11011E+01
1.926	2.12533E+02	-1.22962E+01	6.68033E+02	1.06798E+01
1.928	2.12533E+02	-1.25575E+01	6.68809E+02	1.02478E+01
1.930	2.12533E+02	-1.28064E+01	6.69548E+02	9.80568E+00
1.932	2.12533E+02	-1.30425E+01	6.70250E+02	9.35381E+00
1.934	2.12533E+02	-1.32653E+01	6.70912E+02	8.89265E+00
1.936	2.12533E+02	-1.34746E+01	6.71533E+02	8.42267E+00
1.938	2.12533E+02	-1.36698E+01	6.72113E+02	7.94434E+00
1.940	2.12533E+02	-1.38506E+01	6.72651E+02	7.45814E+00
1.942	2.12533E+02	-1.40167E+01	6.73144E+02	6.96454E+00
1.944	2.12533E+02	-1.41677E+01	6.73593E+02	6.46405E+00
1.946	2.12533E+02	-1.43032E+01	6.73995E+02	5.95717E+00
1.948	2.12533E+02	-1.44229E+01	6.74351E+02	5.44439E+00
1.950	2.12533E+02	-1.45265E+01	6.74659E+02	4.92624E+00
1.952	2.12533E+02	-1.46137E+01	6.74918E+02	4.40322E+00
1.954	2.12533E+02	-1.46843E+01	6.75127E+02	3.87586E+00
1.956	2.12533E+02	-1.47379E+01	6.75287E+02	3.34469E+00
1.958	2.12533E+02	-1.47743E+01	6.75395E+02	2.81024E+00
1.960	2.12533E+02	-1.47933E+01	6.75451E+02	2.27304E+00
1.962	2.12533E+02	-1.47947E+01	6.75455E+02	1.73362E+00
1.964	2.12533E+02	-1.47783E+01	6.75406E+02	1.19252E+00
1.966	2.12533E+02	-1.47439E+01	6.75304E+02	6.50286E-01
1.968	2.12533E+02	-1.46915E+01	6.75148E+02	1.07455E-01
1.970	2.12534E+02	-1.46240E+01	6.74950E+02	0.00000E+00
1.972	2.12534E+02	-1.45478E+01	6.74724E+02	0.00000E+00
1.974	2.12534E+02	-1.44630E+01	6.74472E+02	0.00000E+00
1.976	2.12534E+02	-1.43695E+01	6.74194E+02	0.00000E+00
1.978	2.12534E+02	-1.42672E+01	6.73890E+02	0.00000E+00
1.980	2.12534E+02	-1.41563E+01	6.73560E+02	0.00000E+00
1.982	2.12534E+02	-1.40366E+01	6.73205E+02	0.00000E+00
1.984	2.12534E+02	-1.39082E+01	6.72823E+02	0.00000E+00
1.986	2.12534E+02	-1.37712E+01	6.72416E+02	0.00000E+00
1.988	2.12534E+02	-1.36256E+01	6.71983E+02	0.00000E+00
1.990	2.12534E+02	-1.34716E+01	6.71526E+02	0.00000E+00
1.992	2.12534E+02	-1.33095E+01	6.71044E+02	0.00000E+00
1.994	2.12534E+02	-1.31393E+01	6.70539E+02	0.00000E+00
1.996	2.12534E+02	-1.29616E+01	6.70011E+02	0.00000E+00
1.998	2.12534E+02	-1.27767E+01	6.69461E+02	0.00000E+00
2.000	2.12534E+02	-1.25851E+01	6.68892E+02	0.00000E+00
