t 		 H 		 V 		 T 		 P 
0.001	-6.76483E+02	-6.76483E+02	1.60399E-05	0.00000E+00
0.002	-6.76483E+02	-6.76483E+02	6.41545E-05	0.00000E+00
0.003	-6.76483E+02	-6.76483E+02	1.44329E-04	0.00000E+00
0.004	-6.76483E+02	-6.76483E+02	2.56539E-04	0.00000E+00
0.005	-6.76483E+02	-6.76483E+02	4.00748E-04	0.00000E+00
0.006	-6.76483E+02	-6.76484E+02	5.76913E-04	0.00000E+00
0.007	-6.76483E+02	-6.76484E+02	7.84979E-04	0.00000E+00
0.008	-6.76483E+02	-6.76484E+02	1.02488E-03	0.00000E+00
0.009	-6.76483E+02	-6.76485E+02	1.29655E-03	0.00000E+00
0.010	-6.76483E+02	-6.76485E+02	1.59989E-03	0.00000E+00
0.011	-6.76483E+02	-6.76486E+02	1.93481E-03	0.00000E+00
0.012	-6.76483E+02	-6.76486E+02	2.30122E-03	0.00000E+00
0.013	-6.76483E+02	-6.76487E+02	2.69899E-03	0.00000E+00
0.014	-6.76483E+02	-6.76488E+02	3.12800E-03	0.00000E+00
0.015	-6.76483E+02	-6.76488E+02	3.58813E-03	0.00000E+00
0.016	-6.76483E+02	-6.76489E+02	4.07922E-03	0.00000E+00
0.017	-6.76483E+02	-6.76490E+02	4.60113E-03	0.00000E+00
0.018	-6.76483E+02	-6.76491E+02	5.15369E-03	0.00000E+00
0.019	-6.76483E+02	-6.76492E+02	5.73673E-03	0.00000E+00
0.020	-6.76483E+02	-6.76493E+02	6.35008E-03	0.00000E+00
0.021	-6.76483E+02	-6.76494E+02	6.99354E-03	0.00000E+00
0.022	-6.76483E+02	-6.76495E+02	7.66692E-03	0.00000E+00
0.023	-6.76483E+02	-6.76496E+02	8.37000E-03	0.00000E+00
0.024	-6.76483E+02	-6.76497E+02	9.10256E-03	0.00000E+00
0.025	-6.76483E+02	-6.76498E+02	9.86440E-03	0.00000E+00
0.026	-6.76483E+02	-6.76499E+02	1.06553E-02	0.00000E+00
0.027	-6.76483E+02	-6.76501E+02	1.14749E-02	0.00000E+00
0.028	-6.76483E+02	-6.76502E+02	1.23231E-02	0.00000E+00
0.029	-6.76483E+02	-6.76503E+02	1.31995E-02	0.00000E+00
0.030	-6.76483E+02	-6.76505E+02	1.41040E-02	0.00000E+00
0.031	-6.76483E+02	-6.76506E+02	1.50361E-02	0.00000E+00
0.032	-6.76483E+02	-6.76508E+02	1.59957E-02	0.00000E+00
0.033	-6.76483E+02	-6.76509E+02	1.69824E-02	0.00000E+00
0.034	-6.76483E+02	-6.76511E+02	1.79960E-02	0.00000E+00
0.035	-6.76483E+02	-6.76512E+02	1.90361E-02	0.00000E+00
0.036	-6.76483E+02	-6.76514E+02	2.01024E-02	0.00000E+00
0.037	-6.76483E+02	-6.76516E+02	2.11946E-02	0.00000E+00
0.038	-6.76483E+02	-6.76518E+02	2.23123E-02	0.00000E+00
0.039	-6.76483E+02	-6.76519E+02	2.34552E-02	0.00000E+00
0.040	-6.76483E+02	-6.76521E+02	2.46230E-02	0.00000E+00
0.041	-6.76483E+02	-6.76523E+02	2.58152E-02	0.00000E+00
0.042	-6.76483E+02	-6.76525E+02	2.70316E-02	0.00000E+00
0.043	-6.76483E+02	-6.76527E+02	2.82718E-02	0.00000E+00
0.044	-6.76483E+02	-6.76529E+02	2.95353E-02	0.00000E+00
0.045	-6.76483E+02	-6.76531E+02	3.08218E-02	0.00000E+00
0.046	-6.76483E+02	-6.76533E+02	3.21309E-02	0.00000E+00
0.047	-6.76483E+02	-6.76535E+02	3.34622E-02	0.00000E+00
0.048	-6.76483E+02	-6.76537E+02	3.48153E-02	0.00000E+00
0.049	-6.76483E+02	-6.76539E+02	3.61898E-02	0.00000E+00
0.050	-6.76483E+02	-6.76541E+02	3.75852E-02	0.00000E+00
0.051	-6.76483E+02	-6.76544E+02	3.90012E-02	0.00000E+00
0.052	-6.76483E+02	-6.76546E+02	4.04373E-02	0.00000E+00
0.053	-6.76483E+02	-6.76548E+02	4.18931E-02	0.00000E+00
0.054	-6.76483E+02	-6.76550E+02	4.33681E-02	0.00000E+00
0.055	-6.76483E+02	-6.76553E+02	4.48620E-02	0.00000E+00
0.056	-6.76483E+02	-6.76555E+02	4.63741E-02	0.00000E+00
0.057	-6.76483E+02	-6.76557E+02	4.79041E-02	0.00000E+00
0.058	-6.76483E+02	-6.76560E+02	4.94516E-02	0.00000E+00
0.059	-6.76483E+02	-6.76562E+02	5.10160E-02	0.00000E+00
0.060	-6.76483E+02	-6.76565E+02	5.25969E-02	0.00000E+00
0.061	-6.76483E+02	-6.76567E+02	5.41938E-02	0.00000E+00
0.062	-6.76483E+02	-6.76570E+02	5.58062E-02	0.00000E+00
0.063	-6.76483E+02	-6.76572E+02	5.74337E-02	0.00000E+00
0.064	-6.76483E+02	-6.76575E+02	5.90757E-02	0.00000E+00
0.065	-6.76483E+02	-6.76577E+02	6.07318E-02	0.00000E+00
0.066	-6.76483E+02	-6.76580E+02	6.24015E-02	0.00000E+00
0.067	-6.76483E+02	-6.76583E+02	6.40843E-02	0.00000E+00
0.068	-6.76483E+02	-6.76585E+02	6.57796E-02	0.00000E+00
0.069	-6.76483E+02	-6.76588E+02	6.74870E-02	0.00000E+00
0.070	-6.76483E+02	-6.76591E+02	6.92060E-02	0.00000E+00
0.071	-6.76483E+02	-6.76593E+02	7.09360E-02	0.00000E+00
0.072	-6.76483E+02	-6.76596E+02	7.26766E-02	0.00000E+00
0.073	-6.76483E+02	-6.76599E+02	7.44271E-02	0.00000E+00
0.074	-6.76483E+02	-6.76601E+02	7.61872E-02	0.00000E+00
0.075	-6.76483E+02	-6.76604E+02	7.79563E-02	0.00000E+00
0.076	-6.76483E+02	-6.76607E+02	7.97339E-02	0.00000E+00
0.077	-6.76483E+02	-6.76610E+02	8.15194E-02	0.00000E+00
0.078	-6.76483E+02	-6.76613E+02	8.33123E-02	0.00000E+00
0.079	-6.76483E+02	-6.76615E+02	8.51121E-02	0.00000E+00
0.080	-6.76483E+02	-6.76618E+02	8.69183E-02	0.00000E+00
0.081	-6.76483E+02	-6.76621E+02	8.87303E-02	0.00000E+00
0.082	-6.76483E+02	-6.76624E+02	9.05477E-02	0.00000E+00
0.083	-6.76483E+02	-6.76627E+02	9.23698E-02	0.00000E+00
0.084	-6.76483E+02	-6.76630E+02	9.41962E-02	0.00000E+00
0.085	-6.76483E+02	-6.76632E+02	9.60263E-02	0.00000E+00
0.086	-6.76483E+02	-6.76635E+02	9.78596E-02	0.00000E+00
0.087	-6.76483E+02	-6.76638E+02	9.96956E-02	0.00000E+00
0.088	-6.76483E+02	-6.76641E+02	1.01534E-01	0.00000E+00
0.089	-6.76483E+02	-6.76644E+02	1.03373E-01	0.00000E+00
0.090	-6.76483E+02	-6.76647E+02	1.05214E-01	0.00000E+00
0.091	-6.76483E+02	-6.76650E+02	1.07056E-01	0.00000E+00
0.092	-6.76483E+02	-6.76652E+02	1.08897E-01	0.00000E+00
0.093	-6.76483E+02	-6.76655E+02	1.10738E-01	0.00000E+00
0.094	-6.76483E+02	-6.76658E+02	1.12578E-01	0.00000E+00
0.095	-6.76483E+02	-6.76661E+02	1.14416E-01	0.00000E+00
0.096	-6.76483E+02	-6.76664E+02	1.16253E-01	0.00000E+00
0.097	-6.76483E+02	-6.76667E+02	1.18086E-01	0.00000E+00
0.098	-6.76483E+02	-6.76670E+02	1.19917E-01	0.00000E+00
0.099	-6.76483E+02	-6.76672E+02	1.21744E-01	0.00000E+00
0.100	-6.76483E+02	-6.76675E+02	1.23567E-01	0.00000E+00
0.101	-6.76483E+02	-6.76678E+02	1.25385E-01	0.00000E+00
0.102	-6.76483E+02	-6.76681E+02	1.27198E-01	0.00000E+00
0.103	-6.76483E+02	-6.76684E+02	1.29006E-01	0.00000E+00
0.104	-6.76483E+02	-6.76687E+02	1.30807E-01	0.00000E+00
0.105	-6.76483E+02	-6.76689E+02	1.32602E-01	0.00000E+00
0.106	-6.76483E+02	-6.76692E+02	1.34390E-01	0.00000E+00
0.107	-6.76483E+02	-6.76695E+02	1.36170E-01	0.00000E+00
0.108	-6.76483E+02	-6.76698E+02	1.37941E-01	0.00000E+00
0.109	-6.76483E+02	-6.76700E+02	1.39705E-01	0.00000E+00
0.110	-6.76483E+02	-6.76703E+02	1.41459E-01	0.00000E+00
0.111	-6.76483E+02	-6.76706E+02	1.43204E-01	0.00000E+00
0.112	-6.76483E+02	-6.76709E+02	1.44938E-01	0.00000E+00
0.113	-6.76483E+02	-6.76711E+02	1.46662E-01	0.00000E+00
0.114	-6.76483E+02	-6.76714E+02	1.48376E-01	0.00000E+00
0.115	-6.76483E+02	-6.76717E+02	1.50078E-01	0.00000E+00
0.116	-6.76483E+02	-6.76719E+02	1.51768E-01	0.00000E+00
0.117	-6.76483E+02	-6.76722E+02	1.53445E-01	0.00000E+00
0.118	-6.76483E+02	-6.76724E+02	1.55110E-01	0.00000E+00
0.119	-6.76483E+02	-6.76727E+02	1.56762E-01	0.00000E+00
0.120	-6.76483E+02	-6.76730E+02	1.58400E-01	0.00000E+00
0.121	-6.76483E+02	-6.76732E+02	1.60024E-01	0.00000E+00
0.122	-6.76483E+02	-6.76735E+02	1.61634E-01	0.00000E+00
0.123	-6.76483E+02	-6.76737E+02	1.63229E-01	0.00000E+00
0.124	-6.76483E+02	-6.76740E+02	1.64808E-01	0.00000E+00
0.125	-6.76483E+02	-6.76742E+02	1.66372E-01	0.00000E+00
0.126	-6.76483E+02	-6.76744E+02	1.67920E-01	0.00000E+00
0.127	-6.76483E+02	-6.76747E+02	1.69451E-01	0.00000E+00
0.128	-6.76483E+02	-6.76749E+02	1.70966E-01	0.00000E+00
0.129	-6.76483E+02	-6.76751E+02	1.72463E-01	0.00000E+00
0.130	-6.76483E+02	-6.76754E+02	1.73942E-01	0.00000E+00
0.131	-6.76483E+02	-6.76756E+02	1.75404E-01	0.00000E+00
0.132	-6.76483E+02	-6.76758E+02	1.76847E-01	0.00000E+00
0.133	-6.76483E+02	-6.76761E+02	1.78272E-01	0.00000E+00
0.134	-6.76483E+02	-6.76763E+02	1.79678E-01	0.00000E+00
0.135	-6.76483E+02	-6.76765E+02	1.81064E-01	0.00000E+00
0.136	-6.76483E+02	-6.76767E+02	1.82431E-01	0.00000E+00
0.137	-6.76483E+02	-6.76769E+02	1.83777E-01	0.00000E+00
0.138	-6.76483E+02	-6.76771E+02	1.85104E-01	0.00000E+00
0.139	-6.76483E+02	-6.76773E+02	1.86409E-01	0.00000E+00
0.140	-6.76483E+02	-6.76775E+02	1.87694E-01	0.00000E+00
0.141	-6.76483E+02	-6.76777E+02	1.88958E-01	0.00000E+00
0.142	-6.76483E+02	-6.76779E+02	1.90200E-01	0.00000E+00
0.143	-6.76483E+02	-6.76781E+02	1.91420E-01	0.00000E+00
0.144	-6.76483E+02	-6.76783E+02	1.92618E-01	0.00000E+00
0.145	-6.76483E+02	-6.76785E+02	1.93794E-01	0.00000E+00
0.146	-6.76483E+02	-6.76787E+02	1.94948E-01	0.00000E+00
0.147	-6.76483E+02	-6.76788E+02	1.96078E-01	0.00000E+00
0.148	-6.76483E+02	-6.76790E+02	1.97186E-01	0.00000E+00
0.149	-6.76483E+02	-6.76792E+02	1.98270E-01	0.00000E+00
0.150	-6.76483E+02	-6.76793E+02	1.99331E-01	0.00000E+00
0.151	-6.76483E+02	-6.76795E+02	2.00369E-01	0.00000E+00
0.152	-6.76483E+02	-6.76797E+02	2.01382E-01	0.00000E+00
0.153	-6.76483E+02	-6.76798E+02	2.02371E-01	0.00000E+00
0.154	-6.76483E+02	-6.76800E+02	2.03336E-01	0.00000E+00
0.155	-6.76483E+02	-6.76801E+02	2.04276E-01	0.00000E+00
0.156	-6.76483E+02	-6.76802E+02	2.05192E-01	0.00000E+00
0.157	-6.76483E+02	-6.76804E+02	2.06083E-01	0.00000E+00
0.158	-6.76483E+02	-6.76805E+02	2.06950E-01	0.00000E+00
0.159	-6.76483E+02	-6.76807E+02	2.07791E-01	0.00000E+00
0.160	-6.76483E+02	-6.76808E+02	2.08607E-01	0.00000E+00
0.161	-6.76483E+02	-6.76809E+02	2.09397E-01	0.00000E+00
0.162	-6.76483E+02	-6.76810E+02	2.10162E-01	0.00000E+00
0.163	-6.76483E+02	-6.76811E+02	2.10902E-01	0.00000E+00
0.164	-6.76483E+02	-6.76813E+02	2.11616E-01	0.00000E+00
0.165	-6.76483E+02	-6.76814E+02	2.12304E-01	0.00000E+00
0.166	-6.76483E+02	-6.76815E+02	2.12966E-01	0.00000E+00
0.167	-6.76483E+02	-6.76816E+02	2.13602E-01	0.00000E+00
0.168	-6.76483E+02	-6.76817E+02	2.14213E-01	0.00000E+00
0.169	-6.76483E+02	-6.76817E+02	2.14797E-01	0.00000E+00
0.170	-6.76483E+02	-6.76818E+02	2.15355E-01	0.00000E+00
0.171	-6.76483E+02	-6.76819E+02	2.15887E-01	0.00000E+00
0.172	-6.76483E+02	-6.76820E+02	2.16393E-01	0.00000E+00
0.173	-6.76483E+02	-6.76821E+02	2.16873E-01	0.00000E+00
0.174	-6.76483E+02	-6.76821E+02	2.17327E-01	0.00000E+00
0.175	-6.76483E+02	-6.76822E+02	2.17754E-01	0.00000E+00
0.176	-6.76483E+02	-6.76823E+02	2.18155E-01	0.00000E+00
0.177	-6.76483E+02	-6.76823E+02	2.18530E-01	0.00000E+00
0.178	-6.76483E+02	-6.76824E+02	2.18879E-01	0.00000E+00
0.179	-6.76483E+02	-6.76824E+02	2.19202E-01	0.00000E+00
0.180	-6.76483E+02	-6.76825E+02	2.19498E-01	0.00000E+00
0.181	-6.76483E+02	-6.76825E+02	2.19769E-01	0.00000E+00
0.182	-6.76483E+02	-6.76826E+02	2.20013E-01	0.00000E+00
0.183	-6.76483E+02	-6.76826E+02	2.20232E-01	0.00000E+00
0.184	-6.76483E+02	-6.76826E+02	2.20425E-01	0.00000E+00
0.185	-6.76483E+02	-6.76826E+02	2.20592E-01	0.00000E+00
0.186	-6.76483E+02	-6.76827E+02	2.20733E-01	0.00000E+00
0.187	-6.76483E+02	-6.76827E+02	2.20848E-01	0.00000E+00
0.188	-6.76483E+02	-6.76827E+02	2.20938E-01	0.00000E+00
0.189	-6.76483E+02	-6.76827E+02	2.21003E-01	0.00000E+00
0.190	-6.76483E+02	-6.76827E+02	2.21043E-01	0.00000E+00
0.191	-6.76483E+02	-6.76827E+02	2.21057E-01	0.00000E+00
0.192	-6.76483E+02	-6.76827E+02	2.21046E-01	0.00000E+00
0.193	-6.76483E+02	-6.76827E+02	2.21011E-01	0.00000E+00
0.194	-6.76483E+02	-6.76827E+02	2.20950E-01	0.00000E+00
0.195	-6.76483E+02	-6.76827E+02	2.20865E-01	0.00000E+00
0.196	-6.76483E+02	-6.76827E+02	2.20756E-01	0.00000E+00
0.197	-6.76483E+02	-6.76827E+02	2.20622E-01	0.00000E+00
0.198	-6.76483E+02	-6.76826E+02	2.20465E-01	0.00000E+00
0.199	-6.76483E+02	-6.76826E+02	2.20283E-01	0.00000E+00
0.200	-6.76483E+02	-6.76826E+02	2.20078E-01	0.00000E+00
0.201	-6.76483E+02	-6.76825E+02	2.19850E-01	0.00000E+00
0.202	-6.76483E+02	-6.76825E+02	2.19598E-01	0.00000E+00
0.203	-6.76483E+02	-6.76825E+02	2.19323E-01	0.00000E+00
0.204	-6.76483E+02	-6.76824E+02	2.19025E-01	0.00000E+00
0.205	-6.76483E+02	-6.76824E+02	2.18705E-01	0.00000E+00
0.206	-6.76483E+02	-6.76823E+02	2.18362E-01	0.00000E+00
0.207	-6.76483E+02	-6.76822E+02	2.17998E-01	0.00000E+00
0.208	-6.76483E+02	-6.76822E+02	2.17611E-01	0.00000E+00
0.209	-6.76483E+02	-6.76821E+02	2.17203E-01	0.00000E+00
0.210	-6.76483E+02	-6.76821E+02	2.16773E-01	0.00000E+00
0.211	-6.76483E+02	-6.76820E+02	2.16322E-01	0.00000E+00
0.212	-6.76483E+02	-6.76819E+02	2.15851E-01	0.00000E+00
0.213	-6.76483E+02	-6.76818E+02	2.15359E-01	0.00000E+00
0.214	-6.76483E+02	-6.76818E+02	2.14847E-01	0.00000E+00
0.215	-6.76483E+02	-6.76817E+02	2.14314E-01	0.00000E+00
0.216	-6.76483E+02	-6.76816E+02	2.13763E-01	0.00000E+00
0.217	-6.76483E+02	-6.76815E+02	2.13191E-01	0.00000E+00
0.218	-6.76483E+02	-6.76814E+02	2.12601E-01	0.00000E+00
0.219	-6.76483E+02	-6.76813E+02	2.11992E-01	0.00000E+00
0.220	-6.76483E+02	-6.76812E+02	2.11364E-01	0.00000E+00
0.221	-6.76483E+02	-6.76811E+02	2.10719E-01	0.00000E+00
0.222	-6.76483E+02	-6.76810E+02	2.10056E-01	0.00000E+00
0.223	-6.76483E+02	-6.76809E+02	2.09375E-01	0.00000E+00
0.224	-6.76483E+02	-6.76808E+02	2.08677E-01	0.00000E+00
0.225	-6.76483E+02	-6.76807E+02	2.07962E-01	0.00000E+00
0.226	-6.76483E+02	-6.76806E+02	2.07231E-01	0.00000E+00
0.227	-6.76483E+02	-6.76805E+02	2.06484E-01	0.00000E+00
0.228	-6.76483E+02	-6.76803E+02	2.05721E-01	0.00000E+00
0.229	-6.76483E+02	-6.76802E+02	2.04943E-01	0.00000E+00
0.230	-6.76483E+02	-6.76801E+02	2.04149E-01	0.00000E+00
0.231	-6.76483E+02	-6.76800E+02	2.03341E-01	0.00000E+00
0.232	-6.76483E+02	-6.76798E+02	2.02519E-01	0.00000E+00
0.233	-6.76483E+02	-6.76797E+02	2.01683E-01	0.00000E+00
0.234	-6.76483E+02	-6.76796E+02	2.00834E-01	0.00000E+00
0.235	-6.76483E+02	-6.76794E+02	1.99971E-01	0.00000E+00
0.236	-6.76483E+02	-6.76793E+02	1.99095E-01	0.00000E+00
0.237	-6.76483E+02	-6.76792E+02	1.98207E-01	0.00000E+00
0.238	-6.76483E+02	-6.76790E+02	1.97307E-01	0.00000E+00
0.239	-6.76483E+02	-6.76789E+02	1.96396E-01	0.00000E+00
0.240	-6.76483E+02	-6.76787E+02	1.95473E-01	0.00000E+00
0.241	-6.76483E+02	-6.76786E+02	1.94539E-01	0.00000E+00
0.242	-6.76483E+02	-6.76784E+02	1.93595E-01	0.00000E+00
0.243	-6.76483E+02	-6.76783E+02	1.92641E-01	0.00000E+00
0.244	-6.76483E+02	-6.76781E+02	1.91678E-01	0.00000E+00
0.245	-6.76483E+02	-6.76780E+02	1.90705E-01	0.00000E+00
0.246	-6.76483E+02	-6.76778E+02	1.89723E-01	0.00000E+00
0.247	-6.76483E+02	-6.76777E+02	1.88732E-01	0.00000E+00
0.248	-6.76483E+02	-6.76775E+02	1.87734E-01	0.00000E+00
0.249	-6.76483E+02	-6.76774E+02	1.86728E-01	0.00000E+00
0.250	-6.76483E+02	-6.76772E+02	1.85715E-01	0.00000E+00
0.251	-6.76483E+02	-6.76771E+02	1.84695E-01	0.00000E+00
0.252	-6.76483E+02	-6.76769E+02	1.83669E-01	0.00000E+00
0.253	-6.76483E+02	-6.76767E+02	1.82637E-01	0.00000E+00
0.254	-6.76483E+02	-6.76766E+02	1.81599E-01	0.00000E+00
0.255	-6.76483E+02	-6.76764E+02	1.80556E-01	0.00000E+00
0.256	-6.76483E+02	-6.76762E+02	1.79508E-01	0.00000E+00
0.257	-6.76483E+02	-6.76761E+02	1.78456E-01	0.00000E+00
0.258	-6.76483E+02	-6.76759E+02	1.77400E-01	0.00000E+00
0.259	-6.76483E+02	-6.76758E+02	1.76340E-01	0.00000E+00
0.260	-6.76483E+02	-6.76756E+02	1.75277E-01	0.00000E+00
0.261	-6.76483E+02	-6.76754E+02	1.74212E-01	0.00000E+00
0.262	-6.76483E+02	-6.76753E+02	1.73144E-01	0.00000E+00
0.263	-6.76483E+02	-6.76751E+02	1.72074E-01	0.00000E+00
0.264	-6.76483E+02	-6.76749E+02	1.71003E-01	0.00000E+00
0.265	-6.76483E+02	-6.76748E+02	1.69931E-01	0.00000E+00
0.266	-6.76483E+02	-6.76746E+02	1.68858E-01	0.00000E+00
0.267	-6.76483E+02	-6.76744E+02	1.67784E-01	0.00000E+00
0.268	-6.76483E+02	-6.76743E+02	1.66711E-01	0.00000E+00
0.269	-6.76483E+02	-6.76741E+02	1.65639E-01	0.00000E+00
0.270	-6.76483E+02	-6.76739E+02	1.64567E-01	0.00000E+00
0.271	-6.76483E+02	-6.76738E+02	1.63496E-01	0.00000E+00
0.272	-6.76483E+02	-6.76736E+02	1.62428E-01	0.00000E+00
0.273	-6.76483E+02	-6.76734E+02	1.61361E-01	0.00000E+00
0.274	-6.76483E+02	-6.76733E+02	1.60297E-01	0.00000E+00
0.275	-6.76483E+02	-6.76731E+02	1.59235E-01	0.00000E+00
0.276	-6.76483E+02	-6.76729E+02	1.58177E-01	0.00000E+00
0.277	-6.76483E+02	-6.76728E+02	1.57123E-01	0.00000E+00
0.278	-6.76483E+02	-6.76726E+02	1.56073E-01	0.00000E+00
0.279	-6.76483E+02	-6.76724E+02	1.55026E-01	0.00000E+00
0.280	-6.76483E+02	-6.76723E+02	1.53985E-01	0.00000E+00
0.281	-6.76483E+02	-6.76721E+02	1.52949E-01	0.00000E+00
0.282	-6.76483E+02	-6.76719E+02	1.51918E-01	0.00000E+00
0.283	-6.76483E+02	-6.76718E+02	1.50893E-01	0.00000E+00
0.284	-6.76483E+02	-6.76716E+02	1.49875E-01	0.00000E+00
0.285	-6.76483E+02	-6.76715E+02	1.48863E-01	0.00000E+00
0.286	-6.76483E+02	-6.76713E+02	1.47857E-01	0.00000E+00
0.287	-6.76483E+02	-6.76712E+02	1.46859E-01	0.00000E+00
0.288	-6.76483E+02	-6.76710E+02	1.45869E-01	0.00000E+00
0.289	-6.76483E+02	-6.76709E+02	1.44887E-01	0.00000E+00
0.290	-6.76483E+02	-6.76707E+02	1.43912E-01	0.00000E+00
0.291	-6.76483E+02	-6.76706E+02	1.42947E-01	0.00000E+00
0.292	-6.76483E+02	-6.76704E+02	1.41990E-01	0.00000E+00
0.293	-6.76483E+02	-6.76703E+02	1.41043E-01	0.00000E+00
0.294	-6.76483E+02	-6.76701E+02	1.40105E-01	0.00000E+00
0.295	-6.76483E+02	-6.76700E+02	1.39177E-01	0.00000E+00
0.296	-6.76483E+02	-6.76698E+02	1.38260E-01	0.00000E+00
0.297	-6.76483E+02	-6.76697E+02	1.37352E-01	0.00000E+00
0.298	-6.76483E+02	-6.76695E+02	1.36456E-01	0.00000E+00
0.299	-6.76483E+02	-6.76694E+02	1.35570E-01	0.00000E+00
0.300	-6.76483E+02	-6.76693E+02	1.34696E-01	0.00000E+00
0.301	-6.76483E+02	-6.76691E+02	1.33834E-01	0.00000E+00
0.302	-6.76483E+02	-6.76690E+02	1.32984E-01	0.00000E+00
0.303	-6.76483E+02	-6.76689E+02	1.32145E-01	0.00000E+00
0.304	-6.76483E+02	-6.76687E+02	1.31320E-01	0.00000E+00
0.305	-6.76483E+02	-6.76686E+02	1.30507E-01	0.00000E+00
0.306	-6.76483E+02	-6.76685E+02	1.29706E-01	0.00000E+00
0.307	-6.76483E+02	-6.76684E+02	1.28920E-01	0.00000E+00
0.308	-6.76483E+02	-6.76682E+02	1.28146E-01	0.00000E+00
0.309	-6.76483E+02	-6.76681E+02	1.27386E-01	0.00000E+00
0.310	-6.76483E+02	-6.76680E+02	1.26641E-01	0.00000E+00
0.311	-6.76483E+02	-6.76679E+02	1.25909E-01	0.00000E+00
0.312	-6.76483E+02	-6.76678E+02	1.25192E-01	0.00000E+00
0.313	-6.76483E+02	-6.76677E+02	1.24489E-01	0.00000E+00
0.314	-6.76483E+02	-6.76676E+02	1.23801E-01	0.00000E+00
0.315	-6.76483E+02	-6.76675E+02	1.23129E-01	0.00000E+00
0.316	-6.76483E+02	-6.76674E+02	1.22471E-01	0.00000E+00
0.317	-6.76483E+02	-6.76673E+02	1.21829E-01	0.00000E+00
0.318	-6.76483E+02	-6.76672E+02	1.21202E-01	0.00000E+00
0.319	-6.76483E+02	-6.76671E+02	1.20591E-01	0.00000E+00
0.320	-6.76483E+02	-6.76670E+02	1.19996E-01	0.00000E+00
0.321	-6.76483E+02	-6.76669E+02	1.19417E-01	0.00000E+00
0.322	-6.76483E+02	-6.76668E+02	1.18854E-01	0.00000E+00
0.323	-6.76483E+02	-6.76667E+02	1.18308E-01	0.00000E+00
0.324	-6.76483E+02	-6.76666E+02	1.17778E-01	0.00000E+00
0.325	-6.76483E+02	-6.76665E+02	1.17264E-01	0.00000E+00
0.326	-6.76483E+02	-6.76665E+02	1.16768E-01	0.00000E+00
0.327	-6.76483E+02	-6.76664E+02	1.16288E-01	0.00000E+00
0.328	-6.76483E+02	-6.76663E+02	1.15826E-01	0.00000E+00
0.329	-6.76483E+02	-6.76663E+02	1.15380E-01	0.00000E+00
0.330	-6.76483E+02	-6.76662E+02	1.14952E-01	0.00000E+00
0.331	-6.76483E+02	-6.76661E+02	1.14541E-01	0.00000E+00
0.332	-6.76483E+02	-6.76661E+02	1.14148E-01	0.00000E+00
0.333	-6.76483E+02	-6.76660E+02	1.13772E-01	0.00000E+00
0.334	-6.76483E+02	-6.76659E+02	1.13413E-01	0.00000E+00
0.335	-6.76483E+02	-6.76659E+02	1.13072E-01	0.00000E+00
0.336	-6.76483E+02	-6.76658E+02	1.12749E-01	0.00000E+00
0.337	-6.76483E+02	-6.76658E+02	1.12444E-01	0.00000E+00
0.338	-6.76483E+02	-6.76658E+02	1.12156E-01	0.00000E+00
0.339	-6.76483E+02	-6.76657E+02	1.11886E-01	0.00000E+00
0.340	-6.76483E+02	-6.76657E+02	1.11634E-01	0.00000E+00
0.341	-6.76483E+02	-6.76656E+02	1.11400E-01	0.00000E+00
0.342	-6.76483E+02	-6.76656E+02	1.11184E-01	0.00000E+00
0.343	-6.76483E+02	-6.76656E+02	1.10986E-01	0.00000E+00
0.344	-6.76483E+02	-6.76655E+02	1.10805E-01	0.00000E+00
0.345	-6.76483E+02	-6.76655E+02	1.10643E-01	0.00000E+00
0.346	-6.76483E+02	-6.76655E+02	1.10498E-01	0.00000E+00
0.347	-6.76483E+02	-6.76655E+02	1.10372E-01	0.00000E+00
0.348	-6.76483E+02	-6.76655E+02	1.10263E-01	0.00000E+00
0.349	-6.76483E+02	-6.76654E+02	1.10172E-01	0.00000E+00
0.350	-6.76483E+02	-6.76654E+02	1.10099E-01	0.00000E+00
0.351	-6.76483E+02	-6.76654E+02	1.10043E-01	0.00000E+00
0.352	-6.76483E+02	-6.76654E+02	1.10006E-01	0.00000E+00
0.353	-6.76483E+02	-6.76654E+02	1.09986E-01	0.00000E+00
0.354	-6.76483E+02	-6.76654E+02	1.09983E-01	0.00000E+00
0.355	-6.76483E+02	-6.76654E+02	1.09998E-01	0.00000E+00
0.356	-6.76483E+02	-6.76654E+02	1.10031E-01	0.00000E+00
0.357	-6.76483E+02	-6.76654E+02	1.10081E-01	0.00000E+00
0.358	-6.76483E+02	-6.76654E+02	1.10148E-01	0.00000E+00
0.359	-6.76483E+02	-6.76655E+02	1.10232E-01	0.00000E+00
0.360	-6.76483E+02	-6.76655E+02	1.10334E-01	0.00000E+00
0.361	-6.76483E+02	-6.76655E+02	1.10452E-01	0.00000E+00
0.362	-6.76483E+02	-6.76655E+02	1.10588E-01	0.00000E+00
0.363	-6.76483E+02	-6.76655E+02	1.10740E-01	0.00000E+00
0.364	-6.76483E+02	-6.76656E+02	1.10908E-01	0.00000E+00
0.365	-6.76483E+02	-6.76656E+02	1.11093E-01	0.00000E+00
0.366	-6.76483E+02	-6.76656E+02	1.11295E-01	0.00000E+00
0.367	-6.76483E+02	-6.76657E+02	1.11512E-01	0.00000E+00
0.368	-6.76483E+02	-6.76657E+02	1.11746E-01	0.00000E+00
0.369	-6.76483E+02	-6.76657E+02	1.11996E-01	0.00000E+00
0.370	-6.76483E+02	-6.76658E+02	1.12261E-01	0.00000E+00
0.371	-6.76483E+02	-6.76658E+02	1.12542E-01	0.00000E+00
0.372	-6.76483E+02	-6.76659E+02	1.12838E-01	0.00000E+00
0.373	-6.76483E+02	-6.76659E+02	1.13150E-01	0.00000E+00
0.374	-6.76483E+02	-6.76660E+02	1.13476E-01	0.00000E+00
0.375	-6.76483E+02	-6.76660E+02	1.13817E-01	0.00000E+00
0.376	-6.76483E+02	-6.76661E+02	1.14173E-01	0.00000E+00
0.377	-6.76483E+02	-6.76661E+02	1.14544E-01	0.00000E+00
0.378	-6.76483E+02	-6.76662E+02	1.14928E-01	0.00000E+00
0.379	-6.76483E+02	-6.76662E+02	1.15327E-01	0.00000E+00
0.380	-6.76483E+02	-6.76663E+02	1.15739E-01	0.00000E+00
0.381	-6.76483E+02	-6.76664E+02	1.16165E-01	0.00000E+00
0.382	-6.76483E+02	-6.76664E+02	1.16604E-01	0.00000E+00
0.383	-6.76483E+02	-6.76665E+02	1.17057E-01	0.00000E+00
0.384	-6.76483E+02	-6.76666E+02	1.17522E-01	0.00000E+00
0.385	-6.76483E+02	-6.76667E+02	1.18000E-01	0.00000E+00
0.386	-6.76483E+02	-6.76667E+02	1.18491E-01	0.00000E+00
0.387	-6.76483E+02	-6.76668E+02	1.18993E-01	0.00000E+00
0.388	-6.76483E+02	-6.76669E+02	1.19507E-01	0.00000E+00
0.389	-6.76483E+02	-6.76670E+02	1.20033E-01	0.00000E+00
0.390	-6.76483E+02	-6.76671E+02	1.20571E-01	0.00000E+00
0.391	-6.76483E+02	-6.76671E+02	1.21119E-01	0.00000E+00
0.392	-6.76483E+02	-6.76672E+02	1.21679E-01	0.00000E+00
0.393	-6.76483E+02	-6.76673E+02	1.22249E-01	0.00000E+00
0.394	-6.76483E+02	-6.76674E+02	1.22829E-01	0.00000E+00
0.395	-6.76483E+02	-6.76675E+02	1.23419E-01	0.00000E+00
0.396	-6.76483E+02	-6.76676E+02	1.24019E-01	0.00000E+00
0.397	-6.76483E+02	-6.76677E+02	1.24628E-01	0.00000E+00
0.398	-6.76483E+02	-6.76678E+02	1.25247E-01	0.00000E+00
0.399	-6.76483E+02	-6.76679E+02	1.25874E-01	0.00000E+00
0.400	-6.76483E+02	-6.76680E+02	1.26510E-01	0.00000E+00
0.401	-6.76483E+02	-6.76681E+02	1.27155E-01	0.00000E+00
0.402	-6.76483E+02	-6.76682E+02	1.27807E-01	0.00000E+00
0.403	-6.76483E+02	-6.76683E+02	1.28467E-01	0.00000E+00
0.404	-6.76483E+02	-6.76684E+02	1.29134E-01	0.00000E+00
0.405	-6.76483E+02	-6.76685E+02	1.29808E-01	0.00000E+00
0.406	-6.76483E+02	-6.76686E+02	1.30489E-01	0.00000E+00
0.407	-6.76483E+02	-6.76687E+02	1.31176E-01	0.00000E+00
0.408	-6.76483E+02	-6.76688E+02	1.31869E-01	0.00000E+00
0.409	-6.76483E+02	-6.76689E+02	1.32569E-01	0.00000E+00
0.410	-6.76483E+02	-6.76690E+02	1.33273E-01	0.00000E+00
0.411	-6.76483E+02	-6.76692E+02	1.33983E-01	0.00000E+00
0.412	-6.76483E+02	-6.76693E+02	1.34697E-01	0.00000E+00
0.413	-6.76483E+02	-6.76694E+02	1.35416E-01	0.00000E+00
0.414	-6.76483E+02	-6.76695E+02	1.36139E-01	0.00000E+00
0.415	-6.76483E+02	-6.76696E+02	1.36866E-01	0.00000E+00
0.416	-6.76483E+02	-6.76697E+02	1.37597E-01	0.00000E+00
0.417	-6.76483E+02	-6.76698E+02	1.38330E-01	0.00000E+00
0.418	-6.76483E+02	-6.76699E+02	1.39067E-01	0.00000E+00
0.419	-6.76483E+02	-6.76701E+02	1.39806E-01	0.00000E+00
0.420	-6.76483E+02	-6.76702E+02	1.40547E-01	0.00000E+00
0.421	-6.76483E+02	-6.76703E+02	1.41289E-01	0.00000E+00
0.422	-6.76483E+02	-6.76704E+02	1.42034E-01	0.00000E+00
0.423	-6.76483E+02	-6.76705E+02	1.42779E-01	0.00000E+00
0.424	-6.76483E+02	-6.76706E+02	1.43525E-01	0.00000E+00
0.425	-6.76483E+02	-6.76708E+02	1.44272E-01	0.00000E+00
0.426	-6.76483E+02	-6.76709E+02	1.45019E-01	0.00000E+00
0.427	-6.76483E+02	-6.76710E+02	1.45766E-01	0.00000E+00
0.428	-6.76483E+02	-6.76711E+02	1.46512E-01	0.00000E+00
0.429	-6.76483E+02	-6.76712E+02	1.47257E-01	0.00000E+00
0.430	-6.76483E+02	-6.76713E+02	1.48001E-01	0.00000E+00
0.431	-6.76483E+02	-6.76715E+02	1.48744E-01	0.00000E+00
0.432	-6.76483E+02	-6.76716E+02	1.49484E-01	0.00000E+00
0.433	-6.76483E+02	-6.76717E+02	1.50223E-01	0.00000E+00
0.434	-6.76483E+02	-6.76718E+02	1.50959E-01	0.00000E+00
0.435	-6.76483E+02	-6.76719E+02	1.51692E-01	0.00000E+00
0.436	-6.76483E+02	-6.76720E+02	1.52422E-01	0.00000E+00
0.437	-6.76483E+02	-6.76721E+02	1.53148E-01	0.00000E+00
0.438	-6.76483E+02	-6.76723E+02	1.53870E-01	0.00000E+00
0.439	-6.76483E+02	-6.76724E+02	1.54589E-01	0.00000E+00
0.440	-6.76483E+02	-6.76725E+02	1.55303E-01	0.00000E+00
0.441	-6.76483E+02	-6.76726E+02	1.56012E-01	0.00000E+00
0.442	-6.76483E+02	-6.76727E+02	1.56715E-01	0.00000E+00
0.443	-6.76483E+02	-6.76728E+02	1.57414E-01	0.00000E+00
0.444	-6.76483E+02	-6.76729E+02	1.58106E-01	0.00000E+00
0.445	-6.76483E+02	-6.76730E+02	1.58793E-01	0.00000E+00
0.446	-6.76483E+02	-6.76731E+02	1.59473E-01	0.00000E+00
0.447	-6.76483E+02	-6.76732E+02	1.60147E-01	0.00000E+00
0.448	-6.76483E+02	-6.76733E+02	1.60813E-01	0.00000E+00
0.449	-6.76483E+02	-6.76734E+02	1.61472E-01	0.00000E+00
0.450	-6.76483E+02	-6.76735E+02	1.62124E-01	0.00000E+00
0.451	-6.76483E+02	-6.76736E+02	1.62767E-01	0.00000E+00
0.452	-6.76483E+02	-6.76737E+02	1.63403E-01	0.00000E+00
0.453	-6.76483E+02	-6.76738E+02	1.64030E-01	0.00000E+00
0.454	-6.76483E+02	-6.76739E+02	1.64648E-01	0.00000E+00
0.455	-6.76483E+02	-6.76740E+02	1.65257E-01	0.00000E+00
0.456	-6.76483E+02	-6.76741E+02	1.65857E-01	0.00000E+00
0.457	-6.76483E+02	-6.76742E+02	1.66447E-01	0.00000E+00
0.458	-6.76483E+02	-6.76743E+02	1.67027E-01	0.00000E+00
0.459	-6.76483E+02	-6.76744E+02	1.67597E-01	0.00000E+00
0.460	-6.76483E+02	-6.76745E+02	1.68157E-01	0.00000E+00
0.461	-6.76483E+02	-6.76746E+02	1.68706E-01	0.00000E+00
0.462	-6.76483E+02	-6.76746E+02	1.69244E-01	0.00000E+00
0.463	-6.76483E+02	-6.76747E+02	1.69770E-01	0.00000E+00
0.464	-6.76483E+02	-6.76748E+02	1.70285E-01	0.00000E+00
0.465	-6.76483E+02	-6.76749E+02	1.70789E-01	0.00000E+00
0.466	-6.76483E+02	-6.76750E+02	1.71281E-01	0.00000E+00
0.467	-6.76483E+02	-6.76750E+02	1.71760E-01	0.00000E+00
0.468	-6.76483E+02	-6.76751E+02	1.72227E-01	0.00000E+00
0.469	-6.76483E+02	-6.76752E+02	1.72681E-01	0.00000E+00
0.470	-6.76483E+02	-6.76753E+02	1.73123E-01	0.00000E+00
0.471	-6.76483E+02	-6.76753E+02	1.73551E-01	0.00000E+00
0.472	-6.76483E+02	-6.76754E+02	1.73966E-01	0.00000E+00
0.473	-6.76483E+02	-6.76754E+02	1.74367E-01	0.00000E+00
0.474	-6.76483E+02	-6.76755E+02	1.74755E-01	0.00000E+00
0.475	-6.76483E+02	-6.76756E+02	1.75129E-01	0.00000E+00
0.476	-6.76483E+02	-6.76756E+02	1.75488E-01	0.00000E+00
0.477	-6.76483E+02	-6.76757E+02	1.75834E-01	0.00000E+00
0.478	-6.76483E+02	-6.76757E+02	1.76165E-01	0.00000E+00
0.479	-6.76483E+02	-6.76758E+02	1.76481E-01	0.00000E+00
0.480	-6.76483E+02	-6.76758E+02	1.76782E-01	0.00000E+00
0.481	-6.76483E+02	-6.76759E+02	1.77068E-01	0.00000E+00
0.482	-6.76483E+02	-6.76759E+02	1.77340E-01	0.00000E+00
0.483	-6.76483E+02	-6.76759E+02	1.77595E-01	0.00000E+00
0.484	-6.76483E+02	-6.76760E+02	1.77836E-01	0.00000E+00
0.485	-6.76483E+02	-6.76760E+02	1.78060E-01	0.00000E+00
0.486	-6.76483E+02	-6.76761E+02	1.78269E-01	0.00000E+00
0.487	-6.76483E+02	-6.76761E+02	1.78462E-01	0.00000E+00
0.488	-6.76483E+02	-6.76761E+02	1.78639E-01	0.00000E+00
0.489	-6.76483E+02	-6.76761E+02	1.78800E-01	0.00000E+00
0.490	-6.76483E+02	-6.76762E+02	1.78944E-01	0.00000E+00
0.491	-6.76483E+02	-6.76762E+02	1.79072E-01	0.00000E+00
0.492	-6.76483E+02	-6.76762E+02	1.79184E-01	0.00000E+00
0.493	-6.76483E+02	-6.76762E+02	1.79279E-01	0.00000E+00
0.494	-6.76483E+02	-6.76762E+02	1.79357E-01	0.00000E+00
0.495	-6.76483E+02	-6.76762E+02	1.79418E-01	0.00000E+00
0.496	-6.76483E+02	-6.76762E+02	1.79463E-01	0.00000E+00
0.497	-6.76483E+02	-6.76762E+02	1.79491E-01	0.00000E+00
0.498	-6.76483E+02	-6.76762E+02	1.79501E-01	0.00000E+00
0.499	-6.76483E+02	-6.76762E+02	1.79495E-01	0.00000E+00
0.500	-6.76483E+02	-6.76762E+02	1.79471E-01	0.00000E+00
0.501	-6.76483E+02	-6.76762E+02	1.79431E-01	0.00000E+00
0.502	-6.76483E+02	-6.76762E+02	1.79373E-01	0.00000E+00
0.503	-6.76483E+02	-6.76762E+02	1.79298E-01	0.00000E+00
0.504	-6.76483E+02	-6.76762E+02	1.79205E-01	0.00000E+00
0.505	-6.76483E+02	-6.76762E+02	1.79095E-01	0.00000E+00
0.506	-6.76483E+02	-6.76762E+02	1.78968E-01	0.00000E+00
0.507	-6.76483E+02	-6.76761E+02	1.78824E-01	0.00000E+00
0.508	-6.76483E+02	-6.76761E+02	1.78662E-01	0.00000E+00
0.509	-6.76483E+02	-6.76761E+02	1.78483E-01	0.00000E+00
0.510	-6.76483E+02	-6.76761E+02	1.78286E-01	0.00000E+00
0.511	-6.76483E+02	-6.76760E+02	1.78073E-01	0.00000E+00
0.512	-6.76483E+02	-6.76760E+02	1.77841E-01	0.00000E+00
0.513	-6.76483E+02	-6.76759E+02	1.77593E-01	0.00000E+00
0.514	-6.76483E+02	-6.76759E+02	1.77327E-01	0.00000E+00
0.515	-6.76483E+02	-6.76759E+02	1.77044E-01	0.00000E+00
0.516	-6.76483E+02	-6.76758E+02	1.76744E-01	0.00000E+00
0.517	-6.76483E+02	-6.76758E+02	1.76427E-01	0.00000E+00
0.518	-6.76483E+02	-6.76757E+02	1.76093E-01	0.00000E+00
0.519	-6.76483E+02	-6.76757E+02	1.75742E-01	0.00000E+00
0.520	-6.76483E+02	-6.76756E+02	1.75374E-01	0.00000E+00
0.521	-6.76483E+02	-6.76755E+02	1.74989E-01	0.00000E+00
0.522	-6.76483E+02	-6.76755E+02	1.74587E-01	0.00000E+00
0.523	-6.76483E+02	-6.76754E+02	1.74168E-01	0.00000E+00
0.524	-6.76483E+02	-6.76753E+02	1.73733E-01	0.00000E+00
0.525	-6.76483E+02	-6.76753E+02	1.73282E-01	0.00000E+00
0.526	-6.76483E+02	-6.76752E+02	1.72814E-01	0.00000E+00
0.527	-6.76483E+02	-6.76751E+02	1.72330E-01	0.00000E+00
0.528	-6.76483E+02	-6.76751E+02	1.71829E-01	0.00000E+00
0.529	-6.76483E+02	-6.76750E+02	1.71313E-01	0.00000E+00
0.530	-6.76483E+02	-6.76749E+02	1.70780E-01	0.00000E+00
0.531	-6.76483E+02	-6.76748E+02	1.70232E-01	0.00000E+00
0.532	-6.76483E+02	-6.76747E+02	1.69669E-01	0.00000E+00
0.533	-6.76483E+02	-6.76746E+02	1.69089E-01	0.00000E+00
0.534	-6.76483E+02	-6.76745E+02	1.68495E-01	0.00000E+00
0.535	-6.76483E+02	-6.76744E+02	1.67885E-01	0.00000E+00
0.536	-6.76483E+02	-6.76743E+02	1.67260E-01	0.00000E+00
0.537	-6.76483E+02	-6.76742E+02	1.66621E-01	0.00000E+00
0.538	-6.76483E+02	-6.76741E+02	1.65967E-01	0.00000E+00
0.539	-6.76483E+02	-6.76740E+02	1.65298E-01	0.00000E+00
0.540	-6.76483E+02	-6.76739E+02	1.64615E-01	0.00000E+00
0.541	-6.76483E+02	-6.76738E+02	1.63918E-01	0.00000E+00
0.542	-6.76483E+02	-6.76737E+02	1.63207E-01	0.00000E+00
0.543	-6.76483E+02	-6.76736E+02	1.62482E-01	0.00000E+00
0.544	-6.76483E+02	-6.76735E+02	1.61744E-01	0.00000E+00
0.545	-6.76483E+02	-6.76734E+02	1.60992E-01	0.00000E+00
0.546	-6.76483E+02	-6.76732E+02	1.60228E-01	0.00000E+00
0.547	-6.76483E+02	-6.76731E+02	1.59450E-01	0.00000E+00
0.548	-6.76483E+02	-6.76730E+02	1.58660E-01	0.00000E+00
0.549	-6.76483E+02	-6.76729E+02	1.57858E-01	0.00000E+00
0.550	-6.76483E+02	-6.76727E+02	1.57043E-01	0.00000E+00
0.551	-6.76483E+02	-6.76726E+02	1.56216E-01	0.00000E+00
0.552	-6.76483E+02	-6.76725E+02	1.55378E-01	0.00000E+00
0.553	-6.76483E+02	-6.76724E+02	1.54528E-01	0.00000E+00
0.554	-6.76483E+02	-6.76722E+02	1.53668E-01	0.00000E+00
0.555	-6.76483E+02	-6.76721E+02	1.52796E-01	0.00000E+00
0.556	-6.76483E+02	-6.76719E+02	1.51913E-01	0.00000E+00
0.557	-6.76483E+02	-6.76718E+02	1.51020E-01	0.00000E+00
0.558	-6.76483E+02	-6.76717E+02	1.50117E-01	0.00000E+00
0.559	-6.76483E+02	-6.76715E+02	1.49205E-01	0.00000E+00
0.560	-6.76483E+02	-6.76714E+02	1.48282E-01	0.00000E+00
0.561	-6.76483E+02	-6.76712E+02	1.47350E-01	0.00000E+00
0.562	-6.76483E+02	-6.76711E+02	1.46410E-01	0.00000E+00
0.563	-6.76483E+02	-6.76709E+02	1.45460E-01	0.00000E+00
0.564	-6.76483E+02	-6.76708E+02	1.44502E-01	0.00000E+00
0.565	-6.76483E+02	-6.76706E+02	1.43536E-01	0.00000E+00
0.566	-6.76483E+02	-6.76705E+02	1.42562E-01	0.00000E+00
0.567	-6.76483E+02	-6.76703E+02	1.41581E-01	0.00000E+00
0.568	-6.76483E+02	-6.76702E+02	1.40592E-01	0.00000E+00
0.569	-6.76483E+02	-6.76700E+02	1.39597E-01	0.00000E+00
0.570	-6.76483E+02	-6.76699E+02	1.38594E-01	0.00000E+00
0.571	-6.76483E+02	-6.76697E+02	1.37586E-01	0.00000E+00
0.572	-6.76483E+02	-6.76696E+02	1.36571E-01	0.00000E+00
0.573	-6.76483E+02	-6.76694E+02	1.35551E-01	0.00000E+00
0.574	-6.76483E+02	-6.76692E+02	1.34525E-01	0.00000E+00
0.575	-6.76483E+02	-6.76691E+02	1.33494E-01	0.00000E+00
0.576	-6.76483E+02	-6.76689E+02	1.32459E-01	0.00000E+00
0.577	-6.76483E+02	-6.76688E+02	1.31419E-01	0.00000E+00
0.578	-6.76483E+02	-6.76686E+02	1.30375E-01	0.00000E+00
0.579	-6.76483E+02	-6.76684E+02	1.29327E-01	0.00000E+00
0.580	-6.76483E+02	-6.76683E+02	1.28276E-01	0.00000E+00
0.581	-6.76483E+02	-6.76681E+02	1.27222E-01	0.00000E+00
0.582	-6.76483E+02	-6.76679E+02	1.26165E-01	0.00000E+00
0.583	-6.76483E+02	-6.76678E+02	1.25106E-01	0.00000E+00
0.584	-6.76483E+02	-6.76676E+02	1.24044E-01	0.00000E+00
0.585	-6.76483E+02	-6.76674E+02	1.22981E-01	0.00000E+00
0.586	-6.76483E+02	-6.76673E+02	1.21916E-01	0.00000E+00
0.587	-6.76483E+02	-6.76671E+02	1.20851E-01	0.00000E+00
0.588	-6.76483E+02	-6.76669E+02	1.19784E-01	0.00000E+00
0.589	-6.76483E+02	-6.76668E+02	1.18717E-01	0.00000E+00
0.590	-6.76483E+02	-6.76666E+02	1.17650E-01	0.00000E+00
0.591	-6.76483E+02	-6.76664E+02	1.16583E-01	0.00000E+00
0.592	-6.76483E+02	-6.76663E+02	1.15517E-01	0.00000E+00
0.593	-6.76483E+02	-6.76661E+02	1.14452E-01	0.00000E+00
0.594	-6.76483E+02	-6.76659E+02	1.13388E-01	0.00000E+00
0.595	-6.76483E+02	-6.76658E+02	1.12326E-01	0.00000E+00
0.596	-6.76483E+02	-6.76656E+02	1.11266E-01	0.00000E+00
0.597	-6.76483E+02	-6.76654E+02	1.10208E-01	0.00000E+00
0.598	-6.76483E+02	-6.76653E+02	1.09153E-01	0.00000E+00
0.599	-6.76483E+02	-6.76651E+02	1.08100E-01	0.00000E+00
0.600	-6.76483E+02	-6.76650E+02	1.07051E-01	0.00000E+00
0.601	-6.76483E+02	-6.76648E+02	1.06006E-01	0.00000E+00
0.602	-6.76483E+02	-6.76646E+02	1.04965E-01	0.00000E+00
0.603	-6.76483E+02	-6.76645E+02	1.03928E-01	0.00000E+00
0.604	-6.76483E+02	-6.76643E+02	1.02895E-01	0.00000E+00
0.605	-6.76483E+02	-6.76641E+02	1.01868E-01	0.00000E+00
0.606	-6.76483E+02	-6.76640E+02	1.00846E-01	0.00000E+00
0.607	-6.76483E+02	-6.76638E+02	9.98292E-02	0.00000E+00
0.608	-6.76483E+02	-6.76637E+02	9.88188E-02	0.00000E+00
0.609	-6.76483E+02	-6.76635E+02	9.78146E-02	0.00000E+00
0.610	-6.76483E+02	-6.76634E+02	9.68170E-02	0.00000E+00
0.611	-6.76483E+02	-6.76632E+02	9.58264E-02	0.00000E+00
0.612	-6.76483E+02	-6.76631E+02	9.48431E-02	0.00000E+00
0.613	-6.76483E+02	-6.76629E+02	9.38673E-02	0.00000E+00
0.614	-6.76483E+02	-6.76628E+02	9.28994E-02	0.00000E+00
0.615	-6.76483E+02	-6.76626E+02	9.19398E-02	0.00000E+00
0.616	-6.76483E+02	-6.76625E+02	9.09886E-02	0.00000E+00
0.617	-6.76483E+02	-6.76623E+02	9.00462E-02	0.00000E+00
0.618	-6.76483E+02	-6.76622E+02	8.91130E-02	0.00000E+00
0.619	-6.76483E+02	-6.76620E+02	8.81892E-02	0.00000E+00
0.620	-6.76483E+02	-6.76619E+02	8.72751E-02	0.00000E+00
0.621	-6.76483E+02	-6.76617E+02	8.63710E-02	0.00000E+00
0.622	-6.76483E+02	-6.76616E+02	8.54772E-02	0.00000E+00
0.623	-6.76483E+02	-6.76615E+02	8.45940E-02	0.00000E+00
0.624	-6.76483E+02	-6.76613E+02	8.37217E-02	0.00000E+00
0.625	-6.76483E+02	-6.76612E+02	8.28606E-02	0.00000E+00
0.626	-6.76483E+02	-6.76611E+02	8.20108E-02	0.00000E+00
0.627	-6.76483E+02	-6.76609E+02	8.11728E-02	0.00000E+00
0.628	-6.76483E+02	-6.76608E+02	8.03468E-02	0.00000E+00
0.629	-6.76483E+02	-6.76607E+02	7.95330E-02	0.00000E+00
0.630	-6.76483E+02	-6.76605E+02	7.87317E-02	0.00000E+00
0.631	-6.76483E+02	-6.76604E+02	7.79432E-02	0.00000E+00
0.632	-6.76483E+02	-6.76603E+02	7.71678E-02	0.00000E+00
0.633	-6.76483E+02	-6.76602E+02	7.64055E-02	0.00000E+00
0.634	-6.76483E+02	-6.76601E+02	7.56568E-02	0.00000E+00
0.635	-6.76483E+02	-6.76600E+02	7.49219E-02	0.00000E+00
0.636	-6.76483E+02	-6.76598E+02	7.42009E-02	0.00000E+00
0.637	-6.76483E+02	-6.76597E+02	7.34942E-02	0.00000E+00
0.638	-6.76483E+02	-6.76596E+02	7.28019E-02	0.00000E+00
0.639	-6.76483E+02	-6.76595E+02	7.21243E-02	0.00000E+00
0.640	-6.76483E+02	-6.76594E+02	7.14616E-02	0.00000E+00
0.641	-6.76483E+02	-6.76593E+02	7.08140E-02	0.00000E+00
0.642	-6.76483E+02	-6.76592E+02	7.01817E-02	0.00000E+00
0.643	-6.76483E+02	-6.76591E+02	6.95649E-02	0.00000E+00
0.644	-6.76483E+02	-6.76590E+02	6.89639E-02	0.00000E+00
0.645	-6.76483E+02	-6.76589E+02	6.83787E-02	0.00000E+00
0.646	-6.76483E+02	-6.76588E+02	6.78097E-02	0.00000E+00
0.647	-6.76483E+02	-6.76588E+02	6.72569E-02	0.00000E+00
0.648	-6.76483E+02	-6.76587E+02	6.67206E-02	0.00000E+00
0.649	-6.76483E+02	-6.76586E+02	6.62009E-02	0.00000E+00
0.650	-6.76483E+02	-6.76585E+02	6.56980E-02	0.00000E+00
0.651	-6.76483E+02	-6.76584E+02	6.52120E-02	0.00000E+00
0.652	-6.76483E+02	-6.76584E+02	6.47432E-02	0.00000E+00
0.653	-6.76483E+02	-6.76583E+02	6.42916E-02	0.00000E+00
0.654	-6.76483E+02	-6.76582E+02	6.38574E-02	0.00000E+00
0.655	-6.76483E+02	-6.76582E+02	6.34407E-02	0.00000E+00
0.656	-6.76483E+02	-6.76581E+02	6.30417E-02	0.00000E+00
0.657	-6.76483E+02	-6.76580E+02	6.26606E-02	0.00000E+00
0.658	-6.76483E+02	-6.76580E+02	6.22973E-02	0.00000E+00
0.659	-6.76483E+02	-6.76579E+02	6.19521E-02	0.00000E+00
0.660	-6.76483E+02	-6.76579E+02	6.16250E-02	0.00000E+00
0.661	-6.76483E+02	-6.76578E+02	6.13162E-02	0.00000E+00
0.662	-6.76483E+02	-6.76578E+02	6.10257E-02	0.00000E+00
0.663	-6.76483E+02	-6.76577E+02	6.07536E-02	0.00000E+00
0.664	-6.76483E+02	-6.76577E+02	6.05001E-02	0.00000E+00
0.665	-6.76483E+02	-6.76577E+02	6.02651E-02	0.00000E+00
0.666	-6.76483E+02	-6.76576E+02	6.00489E-02	0.00000E+00
0.667	-6.76483E+02	-6.76576E+02	5.98513E-02	0.00000E+00
0.668	-6.76483E+02	-6.76576E+02	5.96726E-02	0.00000E+00
0.669	-6.76483E+02	-6.76576E+02	5.95127E-02	0.00000E+00
0.670	-6.76483E+02	-6.76575E+02	5.93718E-02	0.00000E+00
0.671	-6.76483E+02	-6.76575E+02	5.92497E-02	0.00000E+00
0.672	-6.76483E+02	-6.76575E+02	5.91467E-02	0.00000E+00
0.673	-6.76483E+02	-6.76575E+02	5.90626E-02	0.00000E+00
0.674	-6.76483E+02	-6.76575E+02	5.89977E-02	0.00000E+00
0.675	-6.76483E+02	-6.76575E+02	5.89517E-02	0.00000E+00
0.676	-6.76483E+02	-6.76575E+02	5.89248E-02	0.00000E+00
0.677	-6.76483E+02	-6.76575E+02	5.89170E-02	0.00000E+00
0.678	-6.76483E+02	-6.76575E+02	5.89283E-02	0.00000E+00
0.679	-6.76483E+02	-6.76575E+02	5.89586E-02	0.00000E+00
0.680	-6.76483E+02	-6.76575E+02	5.90080E-02	0.00000E+00
0.681	-6.76483E+02	-6.76575E+02	5.90764E-02	0.00000E+00
0.682	-6.76483E+02	-6.76575E+02	5.91639E-02	0.00000E+00
0.683	-6.76483E+02	-6.76575E+02	5.92703E-02	0.00000E+00
0.684	-6.76483E+02	-6.76575E+02	5.93956E-02	0.00000E+00
0.685	-6.76483E+02	-6.76576E+02	5.95399E-02	0.00000E+00
0.686	-6.76483E+02	-6.76576E+02	5.97029E-02	0.00000E+00
0.687	-6.76483E+02	-6.76576E+02	5.98848E-02	0.00000E+00
0.688	-6.76483E+02	-6.76576E+02	6.00854E-02	0.00000E+00
0.689	-6.76483E+02	-6.76577E+02	6.03047E-02	0.00000E+00
0.690	-6.76483E+02	-6.76577E+02	6.05426E-02	0.00000E+00
0.691	-6.76483E+02	-6.76578E+02	6.07990E-02	0.00000E+00
0.692	-6.76483E+02	-6.76578E+02	6.10738E-02	0.00000E+00
0.693	-6.76483E+02	-6.76578E+02	6.13669E-02	0.00000E+00
0.694	-6.76483E+02	-6.76579E+02	6.16783E-02	0.00000E+00
0.695	-6.76483E+02	-6.76579E+02	6.20078E-02	0.00000E+00
0.696	-6.76483E+02	-6.76580E+02	6.23553E-02	0.00000E+00
0.697	-6.76483E+02	-6.76581E+02	6.27208E-02	0.00000E+00
0.698	-6.76483E+02	-6.76581E+02	6.31041E-02	0.00000E+00
0.699	-6.76483E+02	-6.76582E+02	6.35050E-02	0.00000E+00
0.700	-6.76483E+02	-6.76582E+02	6.39235E-02	0.00000E+00
0.701	-6.76483E+02	-6.76583E+02	6.43594E-02	0.00000E+00
0.702	-6.76483E+02	-6.76584E+02	6.48125E-02	0.00000E+00
0.703	-6.76483E+02	-6.76584E+02	6.52828E-02	0.00000E+00
0.704	-6.76483E+02	-6.76585E+02	6.57700E-02	0.00000E+00
0.705	-6.76483E+02	-6.76586E+02	6.62741E-02	0.00000E+00
0.706	-6.76483E+02	-6.76587E+02	6.67948E-02	0.00000E+00
0.707	-6.76483E+02	-6.76588E+02	6.73320E-02	0.00000E+00
0.708	-6.76483E+02	-6.76589E+02	6.78855E-02	0.00000E+00
0.709	-6.76483E+02	-6.76589E+02	6.84551E-02	0.00000E+00
0.710	-6.76483E+02	-6.76590E+02	6.90407E-02	0.00000E+00
0.711	-6.76483E+02	-6.76591E+02	6.96421E-02	0.00000E+00
0.712	-6.76483E+02	-6.76592E+02	7.02590E-02	0.00000E+00
0.713	-6.76483E+02	-6.76593E+02	7.08913E-02	0.00000E+00
0.714	-6.76483E+02	-6.76594E+02	7.15388E-02	0.00000E+00
0.715	-6.76483E+02	-6.76595E+02	7.22012E-02	0.00000E+00
0.716	-6.76483E+02	-6.76596E+02	7.28785E-02	0.00000E+00
0.717	-6.76483E+02	-6.76597E+02	7.35702E-02	0.00000E+00
0.718	-6.76483E+02	-6.76599E+02	7.42763E-02	0.00000E+00
0.719	-6.76483E+02	-6.76600E+02	7.49965E-02	0.00000E+00
0.720	-6.76483E+02	-6.76601E+02	7.57306E-02	0.00000E+00
0.721	-6.76483E+02	-6.76602E+02	7.64784E-02	0.00000E+00
0.722	-6.76483E+02	-6.76603E+02	7.72395E-02	0.00000E+00
0.723	-6.76483E+02	-6.76604E+02	7.80139E-02	0.00000E+00
0.724	-6.76483E+02	-6.76606E+02	7.88012E-02	0.00000E+00
0.725	-6.76483E+02	-6.76607E+02	7.96011E-02	0.00000E+00
0.726	-6.76483E+02	-6.76608E+02	8.04135E-02	0.00000E+00
0.727	-6.76483E+02	-6.76609E+02	8.12381E-02	0.00000E+00
0.728	-6.76483E+02	-6.76611E+02	8.20747E-02	0.00000E+00
0.729	-6.76483E+02	-6.76612E+02	8.29229E-02	0.00000E+00
0.730	-6.76483E+02	-6.76613E+02	8.37825E-02	0.00000E+00
0.731	-6.76483E+02	-6.76615E+02	8.46533E-02	0.00000E+00
0.732	-6.76483E+02	-6.76616E+02	8.55349E-02	0.00000E+00
0.733	-6.76483E+02	-6.76617E+02	8.64272E-02	0.00000E+00
0.734	-6.76483E+02	-6.76619E+02	8.73297E-02	0.00000E+00
0.735	-6.76483E+02	-6.76620E+02	8.82424E-02	0.00000E+00
0.736	-6.76483E+02	-6.76622E+02	8.91648E-02	0.00000E+00
0.737	-6.76483E+02	-6.76623E+02	9.00967E-02	0.00000E+00
0.738	-6.76483E+02	-6.76625E+02	9.10378E-02	0.00000E+00
0.739	-6.76483E+02	-6.76626E+02	9.19878E-02	0.00000E+00
0.740	-6.76483E+02	-6.76628E+02	9.29464E-02	0.00000E+00
0.741	-6.76483E+02	-6.76629E+02	9.39134E-02	0.00000E+00
0.742	-6.76483E+02	-6.76631E+02	9.48885E-02	0.00000E+00
0.743	-6.76483E+02	-6.76632E+02	9.58712E-02	0.00000E+00
0.744	-6.76483E+02	-6.76634E+02	9.68615E-02	0.00000E+00
0.745	-6.76483E+02	-6.76635E+02	9.78589E-02	0.00000E+00
0.746	-6.76483E+02	-6.76637E+02	9.88631E-02	0.00000E+00
0.747	-6.76483E+02	-6.76638E+02	9.98739E-02	0.00000E+00
0.748	-6.76483E+02	-6.76640E+02	1.00891E-01	0.00000E+00
0.749	-6.76483E+02	-6.76642E+02	1.01914E-01	0.00000E+00
0.750	-6.76483E+02	-6.76643E+02	1.02943E-01	0.00000E+00
0.751	-6.76483E+02	-6.76645E+02	1.03977E-01	0.00000E+00
0.752	-6.76483E+02	-6.76646E+02	1.05015E-01	0.00000E+00
0.753	-6.76483E+02	-6.76648E+02	1.06059E-01	0.00000E+00
0.754	-6.76483E+02	-6.76650E+02	1.07107E-01	0.00000E+00
0.755	-6.76483E+02	-6.76651E+02	1.08159E-01	0.00000E+00
0.756	-6.76483E+02	-6.76653E+02	1.09215E-01	0.00000E+00
0.757	-6.76483E+02	-6.76655E+02	1.10275E-01	0.00000E+00
0.758	-6.76483E+02	-6.76656E+02	1.11338E-01	0.00000E+00
0.759	-6.76483E+02	-6.76658E+02	1.12403E-01	0.00000E+00
0.760	-6.76483E+02	-6.76660E+02	1.13471E-01	0.00000E+00
0.761	-6.76483E+02	-6.76661E+02	1.14541E-01	0.00000E+00
0.762	-6.76483E+02	-6.76663E+02	1.15613E-01	0.00000E+00
0.763	-6.76483E+02	-6.76665E+02	1.16687E-01	0.00000E+00
0.764	-6.76483E+02	-6.76666E+02	1.17762E-01	0.00000E+00
0.765	-6.76483E+02	-6.76668E+02	1.18838E-01	0.00000E+00
0.766	-6.76483E+02	-6.76670E+02	1.19915E-01	0.00000E+00
0.767	-6.76483E+02	-6.76671E+02	1.20992E-01	0.00000E+00
0.768	-6.76483E+02	-6.76673E+02	1.22069E-01	0.00000E+00
0.769	-6.76483E+02	-6.76675E+02	1.23146E-01	0.00000E+00
0.770	-6.76483E+02	-6.76676E+02	1.24223E-01	0.00000E+00
0.771	-6.76483E+02	-6.76678E+02	1.25298E-01	0.00000E+00
0.772	-6.76483E+02	-6.76680E+02	1.26372E-01	0.00000E+00
0.773	-6.76483E+02	-6.76681E+02	1.27445E-01	0.00000E+00
0.774	-6.76483E+02	-6.76683E+02	1.28516E-01	0.00000E+00
0.775	-6.76483E+02	-6.76685E+02	1.29585E-01	0.00000E+00
0.776	-6.76483E+02	-6.76686E+02	1.30652E-01	0.00000E+00
0.777	-6.76483E+02	-6.76688E+02	1.31716E-01	0.00000E+00
0.778	-6.76483E+02	-6.76690E+02	1.32777E-01	0.00000E+00
0.779	-6.76483E+02	-6.76691E+02	1.33835E-01	0.00000E+00
0.780	-6.76483E+02	-6.76693E+02	1.34889E-01	0.00000E+00
0.781	-6.76483E+02	-6.76695E+02	1.35939E-01	0.00000E+00
0.782	-6.76483E+02	-6.76696E+02	1.36986E-01	0.00000E+00
0.783	-6.76483E+02	-6.76698E+02	1.38027E-01	0.00000E+00
0.784	-6.76483E+02	-6.76699E+02	1.39065E-01	0.00000E+00
0.785	-6.76483E+02	-6.76701E+02	1.40097E-01	0.00000E+00
0.786	-6.76483E+02	-6.76703E+02	1.41124E-01	0.00000E+00
0.787	-6.76483E+02	-6.76704E+02	1.42145E-01	0.00000E+00
0.788	-6.76483E+02	-6.76706E+02	1.43161E-01	0.00000E+00
0.789	-6.76483E+02	-6.76707E+02	1.44170E-01	0.00000E+00
0.790	-6.76483E+02	-6.76709E+02	1.45173E-01	0.00000E+00
0.791	-6.76483E+02	-6.76711E+02	1.46170E-01	0.00000E+00
0.792	-6.76483E+02	-6.76712E+02	1.47159E-01	0.00000E+00
0.793	-6.76483E+02	-6.76714E+02	1.48142E-01	0.00000E+00
0.794	-6.76483E+02	-6.76715E+02	1.49117E-01	0.00000E+00
0.795	-6.76483E+02	-6.76717E+02	1.50085E-01	0.00000E+00
0.796	-6.76483E+02	-6.76718E+02	1.51044E-01	0.00000E+00
0.797	-6.76483E+02	-6.76720E+02	1.51996E-01	0.00000E+00
0.798	-6.76483E+02	-6.76721E+02	1.52939E-01	0.00000E+00
0.799	-6.76483E+02	-6.76723E+02	1.53873E-01	0.00000E+00
0.800	-6.76483E+02	-6.76724E+02	1.54799E-01	0.00000E+00
0.801	-6.76483E+02	-6.76725E+02	1.55716E-01	0.00000E+00
0.802	-6.76483E+02	-6.76727E+02	1.56623E-01	0.00000E+00
0.803	-6.76483E+02	-6.76728E+02	1.57520E-01	0.00000E+00
0.804	-6.76483E+02	-6.76730E+02	1.58408E-01	0.00000E+00
0.805	-6.76483E+02	-6.76731E+02	1.59286E-01	0.00000E+00
0.806	-6.76483E+02	-6.76732E+02	1.60154E-01	0.00000E+00
0.807	-6.76483E+02	-6.76734E+02	1.61011E-01	0.00000E+00
0.808	-6.76483E+02	-6.76735E+02	1.61858E-01	0.00000E+00
0.809	-6.76483E+02	-6.76736E+02	1.62694E-01	0.00000E+00
0.810	-6.76483E+02	-6.76738E+02	1.63519E-01	0.00000E+00
0.811	-6.76483E+02	-6.76739E+02	1.64333E-01	0.00000E+00
0.812	-6.76483E+02	-6.76740E+02	1.65135E-01	0.00000E+00
0.813	-6.76483E+02	-6.76741E+02	1.65926E-01	0.00000E+00
0.814	-6.76483E+02	-6.76743E+02	1.66705E-01	0.00000E+00
0.815	-6.76483E+02	-6.76744E+02	1.67472E-01	0.00000E+00
0.816	-6.76483E+02	-6.76745E+02	1.68227E-01	0.00000E+00
0.817	-6.76483E+02	-6.76746E+02	1.68970E-01	0.00000E+00
0.818	-6.76483E+02	-6.76747E+02	1.69700E-01	0.00000E+00
0.819	-6.76483E+02	-6.76748E+02	1.70417E-01	0.00000E+00
0.820	-6.76483E+02	-6.76749E+02	1.71122E-01	0.00000E+00
0.821	-6.76483E+02	-6.76750E+02	1.71814E-01	0.00000E+00
0.822	-6.76483E+02	-6.76752E+02	1.72493E-01	0.00000E+00
0.823	-6.76483E+02	-6.76753E+02	1.73159E-01	0.00000E+00
0.824	-6.76483E+02	-6.76754E+02	1.73812E-01	0.00000E+00
0.825	-6.76483E+02	-6.76755E+02	1.74451E-01	0.00000E+00
0.826	-6.76483E+02	-6.76756E+02	1.75076E-01	0.00000E+00
0.827	-6.76483E+02	-6.76757E+02	1.75688E-01	0.00000E+00
0.828	-6.76483E+02	-6.76757E+02	1.76286E-01	0.00000E+00
0.829	-6.76483E+02	-6.76758E+02	1.76870E-01	0.00000E+00
0.830	-6.76483E+02	-6.76759E+02	1.77440E-01	0.00000E+00
0.831	-6.76483E+02	-6.76760E+02	1.77996E-01	0.00000E+00
0.832	-6.76483E+02	-6.76761E+02	1.78538E-01	0.00000E+00
0.833	-6.76483E+02	-6.76762E+02	1.79065E-01	0.00000E+00
0.834	-6.76483E+02	-6.76763E+02	1.79578E-01	0.00000E+00
0.835	-6.76483E+02	-6.76763E+02	1.80077E-01	0.00000E+00
0.836	-6.76483E+02	-6.76764E+02	1.80561E-01	0.00000E+00
0.837	-6.76483E+02	-6.76765E+02	1.81030E-01	0.00000E+00
0.838	-6.76483E+02	-6.76766E+02	1.81485E-01	0.00000E+00
0.839	-6.76483E+02	-6.76766E+02	1.81924E-01	0.00000E+00
0.840	-6.76483E+02	-6.76767E+02	1.82349E-01	0.00000E+00
0.841	-6.76483E+02	-6.76768E+02	1.82760E-01	0.00000E+00
0.842	-6.76483E+02	-6.76768E+02	1.83155E-01	0.00000E+00
0.843	-6.76483E+02	-6.76769E+02	1.83535E-01	0.00000E+00
0.844	-6.76483E+02	-6.76769E+02	1.83900E-01	0.00000E+00
0.845	-6.76483E+02	-6.76770E+02	1.84251E-01	0.00000E+00
0.846	-6.76483E+02	-6.76770E+02	1.84586E-01	0.00000E+00
0.847	-6.76483E+02	-6.76771E+02	1.84906E-01	0.00000E+00
0.848	-6.76483E+02	-6.76771E+02	1.85211E-01	0.00000E+00
0.849	-6.76483E+02	-6.76772E+02	1.85501E-01	0.00000E+00
0.850	-6.76483E+02	-6.76772E+02	1.85775E-01	0.00000E+00
0.851	-6.76483E+02	-6.76773E+02	1.86035E-01	0.00000E+00
0.852	-6.76483E+02	-6.76773E+02	1.86279E-01	0.00000E+00
0.853	-6.76483E+02	-6.76773E+02	1.86509E-01	0.00000E+00
0.854	-6.76483E+02	-6.76774E+02	1.86723E-01	0.00000E+00
0.855	-6.76483E+02	-6.76774E+02	1.86922E-01	0.00000E+00
0.856	-6.76483E+02	-6.76774E+02	1.87106E-01	0.00000E+00
0.857	-6.76483E+02	-6.76775E+02	1.87275E-01	0.00000E+00
0.858	-6.76483E+02	-6.76775E+02	1.87429E-01	0.00000E+00
0.859	-6.76483E+02	-6.76775E+02	1.87568E-01	0.00000E+00
0.860	-6.76483E+02	-6.76775E+02	1.87692E-01	0.00000E+00
0.861	-6.76483E+02	-6.76775E+02	1.87801E-01	0.00000E+00
0.862	-6.76483E+02	-6.76776E+02	1.87895E-01	0.00000E+00
0.863	-6.76483E+02	-6.76776E+02	1.87975E-01	0.00000E+00
0.864	-6.76483E+02	-6.76776E+02	1.88039E-01	0.00000E+00
0.865	-6.76483E+02	-6.76776E+02	1.88089E-01	0.00000E+00
0.866	-6.76483E+02	-6.76776E+02	1.88124E-01	0.00000E+00
0.867	-6.76483E+02	-6.76776E+02	1.88145E-01	0.00000E+00
0.868	-6.76483E+02	-6.76776E+02	1.88151E-01	0.00000E+00
0.869	-6.76483E+02	-6.76776E+02	1.88143E-01	0.00000E+00
0.870	-6.76483E+02	-6.76776E+02	1.88121E-01	0.00000E+00
0.871	-6.76483E+02	-6.76776E+02	1.88084E-01	0.00000E+00
0.872	-6.76483E+02	-6.76776E+02	1.88033E-01	0.00000E+00
0.873	-6.76483E+02	-6.76776E+02	1.87968E-01	0.00000E+00
0.874	-6.76483E+02	-6.76776E+02	1.87890E-01	0.00000E+00
0.875	-6.76483E+02	-6.76775E+02	1.87797E-01	0.00000E+00
0.876	-6.76483E+02	-6.76775E+02	1.87690E-01	0.00000E+00
0.877	-6.76483E+02	-6.76775E+02	1.87570E-01	0.00000E+00
0.878	-6.76483E+02	-6.76775E+02	1.87437E-01	0.00000E+00
0.879	-6.76483E+02	-6.76775E+02	1.87290E-01	0.00000E+00
0.880	-6.76483E+02	-6.76774E+02	1.87129E-01	0.00000E+00
0.881	-6.76483E+02	-6.76774E+02	1.86956E-01	0.00000E+00
0.882	-6.76483E+02	-6.76774E+02	1.86769E-01	0.00000E+00
0.883	-6.76483E+02	-6.76773E+02	1.86570E-01	0.00000E+00
0.884	-6.76483E+02	-6.76773E+02	1.86358E-01	0.00000E+00
0.885	-6.76483E+02	-6.76773E+02	1.86133E-01	0.00000E+00
0.886	-6.76483E+02	-6.76772E+02	1.85896E-01	0.00000E+00
0.887	-6.76483E+02	-6.76772E+02	1.85646E-01	0.00000E+00
0.888	-6.76483E+02	-6.76772E+02	1.85385E-01	0.00000E+00
0.889	-6.76483E+02	-6.76771E+02	1.85111E-01	0.00000E+00
0.890	-6.76483E+02	-6.76771E+02	1.84825E-01	0.00000E+00
0.891	-6.76483E+02	-6.76770E+02	1.84528E-01	0.00000E+00
0.892	-6.76483E+02	-6.76770E+02	1.84219E-01	0.00000E+00
0.893	-6.76483E+02	-6.76769E+02	1.83899E-01	0.00000E+00
0.894	-6.76483E+02	-6.76769E+02	1.83567E-01	0.00000E+00
0.895	-6.76483E+02	-6.76768E+02	1.83224E-01	0.00000E+00
0.896	-6.76483E+02	-6.76768E+02	1.82871E-01	0.00000E+00
0.897	-6.76483E+02	-6.76767E+02	1.82507E-01	0.00000E+00
0.898	-6.76483E+02	-6.76767E+02	1.82132E-01	0.00000E+00
0.899	-6.76483E+02	-6.76766E+02	1.81747E-01	0.00000E+00
0.900	-6.76483E+02	-6.76765E+02	1.81352E-01	0.00000E+00
0.901	-6.76483E+02	-6.76765E+02	1.80947E-01	0.00000E+00
0.902	-6.76483E+02	-6.76764E+02	1.80532E-01	0.00000E+00
0.903	-6.76483E+02	-6.76763E+02	1.80107E-01	0.00000E+00
0.904	-6.76483E+02	-6.76763E+02	1.79673E-01	0.00000E+00
0.905	-6.76483E+02	-6.76762E+02	1.79230E-01	0.00000E+00
0.906	-6.76483E+02	-6.76761E+02	1.78778E-01	0.00000E+00
0.907	-6.76483E+02	-6.76761E+02	1.78317E-01	0.00000E+00
0.908	-6.76483E+02	-6.76760E+02	1.77847E-01	0.00000E+00
0.909	-6.76483E+02	-6.76759E+02	1.77369E-01	0.00000E+00
0.910	-6.76483E+02	-6.76758E+02	1.76883E-01	0.00000E+00
0.911	-6.76483E+02	-6.76758E+02	1.76389E-01	0.00000E+00
0.912	-6.76483E+02	-6.76757E+02	1.75887E-01	0.00000E+00
0.913	-6.76483E+02	-6.76756E+02	1.75377E-01	0.00000E+00
0.914	-6.76483E+02	-6.76755E+02	1.74860E-01	0.00000E+00
0.915	-6.76483E+02	-6.76754E+02	1.74336E-01	0.00000E+00
0.916	-6.76483E+02	-6.76754E+02	1.73805E-01	0.00000E+00
0.917	-6.76483E+02	-6.76753E+02	1.73267E-01	0.00000E+00
0.918	-6.76483E+02	-6.76752E+02	1.72722E-01	0.00000E+00
0.919	-6.76483E+02	-6.76751E+02	1.72172E-01	0.00000E+00
0.920	-6.76483E+02	-6.76750E+02	1.71615E-01	0.00000E+00
0.921	-6.76483E+02	-6.76749E+02	1.71052E-01	0.00000E+00
0.922	-6.76483E+02	-6.76748E+02	1.70483E-01	0.00000E+00
0.923	-6.76483E+02	-6.76748E+02	1.69909E-01	0.00000E+00
0.924	-6.76483E+02	-6.76747E+02	1.69330E-01	0.00000E+00
0.925	-6.76483E+02	-6.76746E+02	1.68746E-01	0.00000E+00
0.926	-6.76483E+02	-6.76745E+02	1.68157E-01	0.00000E+00
0.927	-6.76483E+02	-6.76744E+02	1.67564E-01	0.00000E+00
0.928	-6.76483E+02	-6.76743E+02	1.66966E-01	0.00000E+00
0.929	-6.76483E+02	-6.76742E+02	1.66364E-01	0.00000E+00
0.930	-6.76483E+02	-6.76741E+02	1.65758E-01	0.00000E+00
0.931	-6.76483E+02	-6.76740E+02	1.65148E-01	0.00000E+00
0.932	-6.76483E+02	-6.76739E+02	1.64535E-01	0.00000E+00
0.933	-6.76483E+02	-6.76738E+02	1.63918E-01	0.00000E+00
0.934	-6.76483E+02	-6.76737E+02	1.63299E-01	0.00000E+00
0.935	-6.76483E+02	-6.76736E+02	1.62677E-01	0.00000E+00
0.936	-6.76483E+02	-6.76735E+02	1.62052E-01	0.00000E+00
0.937	-6.76483E+02	-6.76734E+02	1.61425E-01	0.00000E+00
0.938	-6.76483E+02	-6.76733E+02	1.60795E-01	0.00000E+00
0.939	-6.76483E+02	-6.76732E+02	1.60164E-01	0.00000E+00
0.940	-6.76483E+02	-6.76731E+02	1.59531E-01	0.00000E+00
0.941	-6.76483E+02	-6.76730E+02	1.58897E-01	0.00000E+00
0.942	-6.76483E+02	-6.76729E+02	1.58261E-01	0.00000E+00
0.943	-6.76483E+02	-6.76728E+02	1.57624E-01	0.00000E+00
0.944	-6.76483E+02	-6.76727E+02	1.56986E-01	0.00000E+00
0.945	-6.76483E+02	-6.76726E+02	1.56348E-01	0.00000E+00
0.946	-6.76483E+02	-6.76725E+02	1.55709E-01	0.00000E+00
0.947	-6.76483E+02	-6.76724E+02	1.55070E-01	0.00000E+00
0.948	-6.76483E+02	-6.76723E+02	1.54431E-01	0.00000E+00
0.949	-6.76483E+02	-6.76722E+02	1.53793E-01	0.00000E+00
0.950	-6.76483E+02	-6.76721E+02	1.53154E-01	0.00000E+00
0.951	-6.76483E+02	-6.76720E+02	1.52517E-01	0.00000E+00
0.952	-6.76483E+02	-6.76719E+02	1.51880E-01	0.00000E+00
0.953	-6.76483E+02	-6.76718E+02	1.51244E-01	0.00000E+00
0.954	-6.76483E+02	-6.76717E+02	1.50609E-01	0.00000E+00
0.955	-6.76483E+02	-6.76716E+02	1.49976E-01	0.00000E+00
0.956	-6.76483E+02	-6.76715E+02	1.49345E-01	0.00000E+00
0.957	-6.76483E+02	-6.76714E+02	1.48715E-01	0.00000E+00
0.958	-6.76483E+02	-6.76714E+02	1.48088E-01	0.00000E+00
0.959	-6.76483E+02	-6.76713E+02	1.47462E-01	0.00000E+00
0.960	-6.76483E+02	-6.76712E+02	1.46839E-01	0.00000E+00
0.961	-6.76483E+02	-6.76711E+02	1.46219E-01	0.00000E+00
0.962	-6.76483E+02	-6.76710E+02	1.45602E-01	0.00000E+00
0.963	-6.76483E+02	-6.76709E+02	1.44987E-01	0.00000E+00
0.964	-6.76483E+02	-6.76708E+02	1.44376E-01	0.00000E+00
0.965	-6.76483E+02	-6.76707E+02	1.43768E-01	0.00000E+00
0.966	-6.76483E+02	-6.76706E+02	1.43164E-01	0.00000E+00
0.967	-6.76483E+02	-6.76705E+02	1.42563E-01	0.00000E+00
0.968	-6.76483E+02	-6.76704E+02	1.41966E-01	0.00000E+00
0.969	-6.76483E+02	-6.76703E+02	1.41374E-01	0.00000E+00
0.970	-6.76483E+02	-6.76702E+02	1.40785E-01	0.00000E+00
0.971	-6.76483E+02	-6.76701E+02	1.40201E-01	0.00000E+00
0.972	-6.76483E+02	-6.76700E+02	1.39622E-01	0.00000E+00
0.973	-6.76483E+02	-6.76699E+02	1.39047E-01	0.00000E+00
0.974	-6.76483E+02	-6.76699E+02	1.38478E-01	0.00000E+00
0.975	-6.76483E+02	-6.76698E+02	1.37913E-01	0.00000E+00
0.976	-6.76483E+02	-6.76697E+02	1.37354E-01	0.00000E+00
0.977	-6.76483E+02	-6.76696E+02	1.36800E-01	0.00000E+00
0.978	-6.76483E+02	-6.76695E+02	1.36251E-01	0.00000E+00
0.979	-6.76483E+02	-6.76694E+02	1.35709E-01	0.00000E+00
0.980	-6.76483E+02	-6.76693E+02	1.35172E-01	0.00000E+00
0.981	-6.76483E+02	-6.76693E+02	1.34641E-01	0.00000E+00
0.982	-6.76483E+02	-6.76692E+02	1.34116E-01	0.00000E+00
0.983	-6.76483E+02	-6.76691E+02	1.33597E-01	0.00000E+00
0.984	-6.76483E+02	-6.76690E+02	1.33085E-01	0.00000E+00
0.985	-6.76483E+02	-6.76689E+02	1.32579E-01	0.00000E+00
0.986	-6.76483E+02	-6.76689E+02	1.32080E-01	0.00000E+00
0.987	-6.76483E+02	-6.76688E+02	1.31588E-01	0.00000E+00
0.988	-6.76483E+02	-6.76687E+02	1.31103E-01	0.00000E+00
0.989	-6.76483E+02	-6.76686E+02	1.30624E-01	0.00000E+00
0.990	-6.76483E+02	-6.76686E+02	1.30153E-01	0.00000E+00
0.991	-6.76483E+02	-6.76685E+02	1.29689E-01	0.00000E+00
0.992	-6.76483E+02	-6.76684E+02	1.29233E-01	0.00000E+00
0.993	-6.76483E+02	-6.76683E+02	1.28784E-01	0.00000E+00
0.994	-6.76483E+02	-6.76683E+02	1.28342E-01	0.00000E+00
0.995	-6.76483E+02	-6.76682E+02	1.27908E-01	0.00000E+00
0.996	-6.76483E+02	-6.76681E+02	1.27482E-01	0.00000E+00
0.997	-6.76483E+02	-6.76681E+02	1.27064E-01	0.00000E+00
0.998	-6.76483E+02	-6.76680E+02	1.26653E-01	0.00000E+00
0.999	-6.76483E+02	-6.76679E+02	1.26251E-01	0.00000E+00
1.000	-6.76483E+02	-6.76679E+02	1.25857E-01	0.00000E+00
